1	58	2
2	48	3
3	24	0
4	15	0
5	38	0
6	46	0
7	42	0
8	20	0
9	38	0
10	55	2
11	93	2
12	30	0
13	90	0
14	22	0
15	54	4
16	65	2
17	93	6
18	22	0
19	84	2
20	35	6
21	107	0
22	116	4
23	108	2
24	63	2
25	61	4
26	141	2
27	22	2
28	32	2
29	74	0
30	66	2
31	168	0
32	98	0
33	56	6
34	42	4
35	49	2
36	197	8
37	68	2
38	329	4
39	127	2
40	56	6
41	197	2
42	117	10
43	47	2
44	196	2
45	72	4
46	153	0
47	107	6
48	275	6
49	135	6
50	14	2
51	84	0
52	99	0
53	53	0
54	27	4
55	81	2
56	129	2
57	147	2
58	165	4
59	38	2
60	25	2
61	154	2
62	65	0
63	97	0
64	80	2
65	100	0
66	65	2
67	96	4
68	123	2
69	213	6
70	97	0
71	66	0
72	30	0
73	156	2
74	93	2
75	145	2
76	73	2
77	153	2
78	155	0
79	46	2
80	153	4
81	208	2
82	131	2
83	29	0
84	135	8
85	154	0
86	472	4
87	92	4
88	103	4
89	146	2
90	84	6
91	32	0
92	223	0
93	87	4
94	178	0
95	178	0
96	86	0
97	26	4
98	86	8
99	127	4
100	58	0
101	19	2
102	100	2
103	68	2
104	207	8
105	80	4
106	79	2
107	131	2
108	28	2
109	71	2
110	45	2
111	64	2
112	176	8
113	20	2
114	108	2
115	140	6
116	28	0
117	57	8
118	125	2
119	221	8
120	44	0
121	172	8
122	35	2
123	74	2
124	76	7
125	150	2
126	26	2
127	76	4
128	187	10
129	50	2
130	45	2
131	239	6
132	93	0
133	102	10
134	65	0
135	167	2
136	58	0
137	54	4
138	112	4
139	31	0
140	100	4
141	88	0
142	35	2
143	39	2
144	70	0
145	51	0
146	25	4
147	16	0
148	64	2
149	75	2
150	37	2
151	27	4
152	11	0
153	105	4
154	192	4
155	155	0
156	69	2
157	17	6
158	22	2
159	215	6
160	125	6
161	45	4
162	87	4
163	37	4
164	250	14
165	119	8
166	154	6
167	154	6
168	255	8
169	34	0
170	67	2
171	156	14
172	222	0
173	16	4
174	125	2
175	163	4
176	71	4
177	154	2
178	234	0
179	111	2
180	53	2
181	88	2
182	68	6
183	36	2
184	89	4
185	113	0
186	146	6
187	69	4
188	396	12
189	48	2
190	101	2
191	91	4
192	171	8
193	171	6
194	76	2
195	43	2
196	68	0
197	20	0
198	96	2
199	100	2
200	101	6
201	140	6
202	75	8
203	153	6
204	204	4
205	83	0
206	49	4
207	63	2
208	70	0
209	67	6
210	165	6
211	39	2
212	123	4
213	44	2
214	45	2
215	121	4
216	71	0
217	126	2
218	14	2
219	45	2
220	210	4
221	82	2
222	88	0
223	122	0
224	140	6
225	47	0
226	308	14
227	139	2
228	75	6
229	107	4
230	136	6
231	45	2
232	118	10
233	129	6
234	47	0
235	69	2
236	19	2
237	238	4
238	35	6
239	133	2
240	159	2
241	113	4
242	103	4
243	54	6
244	191	4
245	103	2
246	130	4
247	141	4
248	207	4
249	83	6
250	107	4
251	110	2
252	28	2
253	126	4
254	94	4
255	188	4
256	147	8
257	176	10
258	226	6
259	93	6
260	70	0
261	32	0
262	105	6
263	86	4
264	117	4
265	43	2
266	83	4
267	12	2
268	105	2
269	85	4
270	97	2
271	67	6
272	230	2
273	95	2
274	141	8
275	240	18
276	135	4
277	71	0
278	115	4
279	30	0
280	67	6
281	54	2
282	102	2
283	18	2
284	133	10
285	201	4
286	95	2
287	117	2
288	195	2
289	190	6
290	41	2
291	68	4
292	127	4
293	38	0
294	324	12
295	51	0
296	274	0
297	23	0
298	111	6
299	49	2
300	140	2
301	91	8
302	164	0
303	43	2
304	109	2
305	116	0
306	86	4
307	34	2
308	57	4
309	106	4
310	46	4
311	45	0
312	106	4
313	58	0
314	79	2
315	163	8
316	17	2
317	155	0
318	51	0
319	134	12
320	100	5
321	93	2
322	293	10
323	85	0
324	143	4
325	32	2
326	120	4
327	123	0
328	83	0
329	69	2
330	91	6
331	78	4
332	171	2
333	91	2
334	35	0
335	82	2
336	117	4
337	83	0
338	28	0
339	171	4
340	117	4
341	78	2
342	109	2
343	110	4
344	34	4
345	352	10
346	174	2
347	82	0
348	74	6
349	99	4
350	224	4
351	62	4
352	26	2
353	138	10
354	150	6
355	125	6
356	57	8
357	150	6
358	21	0
359	300	8
360	78	2
361	29	6
362	38	2
363	167	6
364	72	6
365	128	0
366	74	0
367	144	8
368	109	4
369	104	2
370	139	6
371	7	2
372	226	6
373	153	4
374	178	0
375	138	2
376	88	2
377	80	2
378	73	0
379	63	4
380	83	2
381	10	2
382	20	2
383	149	2
384	139	10
385	32	4
386	310	4
387	133	6
388	50	0
389	59	4
390	126	0
391	143	8
392	93	0
393	137	8
394	107	4
395	69	2
396	117	12
397	61	2
398	119	2
399	40	6
400	62	0
401	116	0
402	54	8
403	40	4
404	47	4
405	101	2
406	218	4
407	62	2
408	64	6
409	372	20
410	171	4
411	76	2
412	416	10
413	148	6
414	144	2
415	157	8
416	127	4
417	208	4
418	299	10
419	110	0
420	95	0
421	167	2
422	144	10
423	56	4
424	96	8
425	220	0
426	86	2
427	116	4
428	19	2
429	91	8
430	206	2
431	207	10
432	165	0
433	49	2
434	169	2
435	153	4
436	64	2
437	50	2
438	252	0
439	39	0
440	231	2
441	19	2
442	228	2
443	78	0
444	79	0
445	139	4
446	152	8
447	97	2
448	38	2
449	31	2
450	85	2
451	159	10
452	97	0
453	147	6
454	51	0
455	30	2
456	106	8
457	60	2
458	209	12
459	94	6
460	117	6
461	168	8
462	49	2
463	117	2
464	39	2
465	171	2
466	24	4
467	183	1
468	216	6
469	64	0
470	144	2
471	131	2
472	82	2
473	79	0
474	140	2
475	83	0
476	190	6
477	85	2
478	153	2
479	110	2
480	19	2
481	23	2
482	255	6
483	102	6
484	13	0
485	27	2
486	80	4
487	62	0
488	37	0
489	57	0
490	21	2
491	30	2
492	130	2
493	106	2
494	95	0
495	91	6
496	109	2
497	93	2
498	78	0
499	224	6
500	79	4
501	22	0
502	96	4
503	178	4
504	59	2
505	53	0
506	153	4
507	66	0
508	155	14
509	105	6
510	56	2
511	54	8
512	151	6
513	165	10
514	188	18
515	61	6
516	224	8
517	238	6
518	148	4
519	31	2
520	90	2
521	151	0
522	161	0
523	49	2
524	364	2
525	126	0
526	43	2
527	72	2
528	194	2
529	97	6
530	104	8
531	127	4
532	45	4
533	268	6
534	46	4
535	140	4
536	102	8
537	89	4
538	104	6
539	166	8
540	100	6
541	44	0
542	85	4
543	11	0
544	33	2
545	210	0
546	116	2
547	121	2
548	230	14
549	102	2
550	270	2
551	361	8
552	96	2
553	149	6
554	35	2
555	47	0
556	37	2
557	249	10
558	84	6
559	30	4
560	192	6
561	158	6
562	204	2
563	155	8
564	18	2
565	179	6
566	44	6
567	51	2
568	131	2
569	76	4
570	263	0
571	56	4
572	22	2
573	93	2
574	43	2
575	148	4
576	191	10
577	68	4
578	153	2
579	189	10
580	172	8
581	58	2
582	66	4
583	73	10
584	44	2
585	67	0
586	445	14
587	44	2
588	93	2
589	69	2
590	90	10
591	200	0
592	129	16
593	78	0
594	154	4
595	73	2
596	234	6
597	252	8
598	111	6
599	91	2
600	173	10
601	146	2
602	210	4
603	101	6
604	126	0
605	146	0
606	375	12
607	156	4
608	16	4
609	172	4
610	30	2
611	58	2
612	202	6
613	106	2
614	116	4
615	42	0
616	100	4
617	90	2
618	120	6
619	48	12
620	110	2
621	121	2
622	89	2
623	71	8
624	48	6
625	78	4
626	57	8
627	56	6
628	20	0
629	40	0
630	128	8
631	169	8
632	176	10
633	87	2
634	188	2
635	50	2
636	117	6
637	128	10
638	35	4
639	17	4
640	113	2
641	200	6
642	85	4
643	9	2
644	23	2
645	56	2
646	318	12
647	53	4
648	31	2
649	104	0
650	37	4
651	37	0
652	44	0
653	92	0
654	35	2
655	79	2
656	94	0
657	57	2
658	89	2
659	126	2
660	120	2
661	136	6
662	83	2
663	167	10
664	263	4
665	77	4
666	165	4
667	44	0
668	194	2
669	61	4
670	116	4
671	132	2
672	57	2
673	57	0
674	244	6
675	36	0
676	23	0
677	65	2
678	66	4
679	124	2
680	157	2
681	50	0
682	157	0
683	70	2
684	195	4
685	29	2
686	68	0
687	173	6
688	252	10
689	91	4
690	54	0
691	209	10
692	64	2
693	63	2
694	126	0
695	126	0
696	44	0
697	77	4
698	117	6
699	71	2
700	117	6
701	297	6
702	68	0
703	85	4
704	74	4
705	40	2
706	104	0
707	287	12
708	59	4
709	55	2
710	23	2
711	15	2
712	55	4
713	214	8
714	49	0
715	90	4
716	43	4
717	77	0
718	145	6
719	83	2
720	31	6
721	348	4
722	56	0
723	55	0
724	148	4
725	40	2
726	15	2
727	50	2
728	147	4
729	253	8
730	120	2
731	63	2
732	148	4
733	96	2
734	52	2
735	69	2
736	7	2
737	13	3
738	209	2
739	134	2
740	33	2
741	200	6
742	44	2
743	62	0
744	442	6
745	63	0
746	69	2
747	127	0
748	57	0
749	173	8
750	99	4
751	111	2
752	143	2
753	24	2
754	69	4
755	230	2
756	131	2
757	118	8
758	62	2
759	44	2
760	158	4
761	111	2
762	94	6
763	65	6
764	175	0
765	32	2
766	18	2
767	189	8
768	66	2
769	86	2
770	28	0
771	168	8
772	155	6
773	262	2
774	27	2
775	80	0
776	34	4
777	52	0
778	141	12
779	111	4
780	127	4
781	666	24
782	64	0
783	136	0
784	316	6
785	134	2
786	61	0
787	83	2
788	138	2
789	47	2
790	187	4
791	102	6
792	101	0
793	24	2
794	268	2
795	69	2
796	47	4
797	57	4
798	109	4
799	244	6
800	96	6
801	177	8
802	119	2
803	63	2
804	271	8
805	92	4
806	91	4
807	34	2
808	219	6
809	69	2
810	176	4
811	89	6
812	77	8
813	151	2
814	65	2
815	187	12
816	72	4
817	30	2
818	89	2
819	86	6
820	4	2
821	60	2
822	41	6
823	54	0
824	41	2
825	168	6
826	180	0
827	43	0
828	121	6
829	120	2
830	147	12
831	35	4
832	72	2
833	313	2
834	194	10
835	44	0
836	45	0
837	96	0
838	213	12
839	82	2
840	18	2
841	141	8
842	101	2
843	160	8
844	69	0
845	52	2
846	69	2
847	74	2
848	133	2
849	93	2
850	163	4
851	44	2
852	36	2
853	47	4
854	87	2
855	40	0
856	144	0
857	55	0
858	55	2
859	75	0
860	164	8
861	117	4
862	361	4
863	146	0
864	31	2
865	13	2
866	37	4
867	132	6
868	46	0
869	265	2
870	10	2
871	296	18
872	38	4
873	234	8
874	152	2
875	46	0
876	21	2
877	31	4
878	232	2
879	56	6
880	68	2
881	143	2
882	26	2
883	182	2
884	74	2
885	259	8
886	184	12
887	90	2
888	48	2
889	113	2
890	30	0
891	202	6
892	33	6
893	77	5
894	89	0
895	142	4
896	68	2
897	30	2
898	49	2
899	30	2
900	38	4
901	91	2
902	65	4
903	80	6
904	65	2
905	320	0
906	124	6
907	85	4
908	263	6
909	140	4
910	111	4
911	43	0
912	51	0
913	23	4
914	371	14
915	157	2
916	54	0
917	111	6
918	95	6
919	85	4
920	20	4
921	24	2
922	66	2
923	148	12
924	167	10
925	158	16
926	87	4
927	145	2
928	56	2
929	47	0
930	308	6
931	136	2
932	94	2
933	224	4
934	261	4
935	91	2
936	11	0
937	129	8
938	109	4
939	50	0
940	316	10
941	80	0
942	111	2
943	197	6
944	104	0
945	102	0
946	103	8
947	62	2
948	171	12
949	68	0
950	84	2
951	51	4
952	160	6
953	222	8
954	16	2
955	23	0
956	107	0
957	34	0
958	236	2
959	91	8
960	194	2
961	28	0
962	150	12
963	62	4
964	59	2
965	219	2
966	271	6
967	202	10
968	152	4
969	114	4
970	136	6
971	231	6
972	21	6
973	37	2
974	34	0
975	134	4
976	178	6
977	36	2
978	207	14
979	102	4
980	32	2
981	65	2
982	342	4
983	114	2
984	98	14
985	35	4
986	246	8
987	18	2
988	256	6
989	75	0
990	59	4
991	38	6
992	47	8
993	160	0
994	143	4
995	31	2
996	102	10
997	107	6
998	87	4
999	129	4
1000	37	0
1001	312	12
1002	128	4
1003	320	4
1004	131	10
1005	62	2
1006	193	2
1007	101	2
1008	91	4
1009	54	0
1010	10	2
1011	72	4
1012	161	0
1013	100	6
1014	222	2
1015	323	6
1016	32	2
1017	75	4
1018	70	0
1019	130	4
1020	24	2
1021	88	8
1022	11	2
1023	167	4
1024	74	4
1025	99	8
1026	117	2
1027	181	4
1028	97	4
1029	184	12
1030	81	0
1031	121	0
1032	56	2
1033	122	2
1034	24	4
1035	91	0
1036	83	0
1037	75	2
1038	142	2
1039	58	4
1040	122	0
1041	57	4
1042	31	2
1043	137	4
1044	272	6
1045	66	2
1046	66	2
1047	344	8
1048	20	2
1049	16	0
1050	114	0
1051	21	2
1052	64	2
1053	57	2
1054	46	0
1055	60	0
1056	163	8
1057	84	4
1058	126	6
1059	292	4
1060	193	4
1061	51	6
1062	245	6
1063	7	2
1064	32	0
1065	43	4
1066	122	0
1067	61	0
1068	42	0
1069	191	8
1070	116	2
1071	81	6
1072	45	6
1073	44	6
1074	103	6
1075	94	4
1076	70	0
1077	113	8
1078	26	2
1079	103	12
1080	32	2
1081	93	4
1082	117	0
1083	193	0
1084	84	6
1085	88	2
1086	54	0
1087	240	2
1088	30	0
1089	34	0
1090	138	10
1091	145	6
1092	132	4
1093	185	10
1094	165	4
1095	185	12
1096	14	0
1097	36	2
1098	167	4
1099	55	2
1100	300	2
1101	117	0
1102	48	2
1103	196	2
1104	43	2
1105	83	2
1106	48	4
1107	26	0
1108	140	14
1109	78	2
1110	130	0
1111	136	2
1112	63	4
1113	178	4
1114	43	2
1115	191	8
1116	182	4
1117	27	4
1118	92	2
1119	55	0
1120	32	4
1121	20	2
1122	52	4
1123	23	2
1124	486	14
1125	86	4
1126	170	2
1127	75	0
1128	168	4
1129	225	2
1130	60	0
1131	100	2
1132	53	0
1133	106	8
1134	145	4
1135	215	2
1136	50	10
1137	75	6
1138	212	18
1139	271	4
1140	94	2
1141	66	0
1142	58	0
1143	179	0
1144	85	2
1145	191	6
1146	245	12
1147	93	0
1148	43	6
1149	127	4
1150	16	0
1151	97	10
1152	46	4
1153	72	4
1154	178	5
1155	63	2
1156	236	6
1157	48	3
1158	29	0
1159	23	4
1160	140	6
1161	25	0
1162	118	4
1163	37	2
1164	267	14
1165	180	4
1166	162	6
1167	130	18
1168	286	4
1169	86	2
1170	42	2
1171	40	2
1172	93	0
1173	132	4
1174	210	6
1175	176	4
1176	184	6
1177	245	2
1178	62	8
1179	66	2
1180	60	4
1181	106	0
1182	146	6
1183	110	4
1184	79	2
1185	163	2
1186	83	4
1187	77	6
1188	139	6
1189	99	0
1190	140	10
1191	276	16
1192	168	8
1193	111	8
1194	80	2
1195	254	2
1196	93	2
1197	52	2
1198	271	2
1199	254	8
1200	154	6
1201	130	2
1202	39	2
1203	56	8
1204	150	4
1205	166	8
1206	19	2
1207	84	2
1208	211	6
1209	117	0
1210	63	2
1211	73	2
1212	179	10
1213	41	0
1214	122	2
1215	60	2
1216	136	2
1217	38	0
1218	124	2
1219	144	10
1220	57	0
1221	98	2
1222	274	12
1223	187	16
1224	62	4
1225	128	6
1226	130	10
1227	111	4
1228	162	2
1229	174	0
1230	175	8
1231	283	4
1232	209	2
1233	69	4
1234	225	10
1235	90	0
1236	192	6
1237	223	5
1238	77	4
1239	91	2
1240	15	0
1241	37	6
1242	14	6
1243	263	9
1244	19	2
1245	131	2
1246	161	2
1247	267	2
1248	143	6
1249	100	12
1250	110	3
1251	81	4
1252	66	0
1253	163	2
1254	43	0
1255	84	0
1256	93	4
1257	219	12
1258	120	0
1259	111	4
1260	20	4
1261	41	0
1262	166	10
1263	16	0
1264	139	8
1265	94	2
1266	31	2
1267	101	8
1268	31	0
1269	36	4
1270	198	0
1271	194	2
1272	177	6
1273	130	0
1274	150	0
1275	162	4
1276	128	4
1277	184	2
1278	495	16
1279	223	4
1280	11	2
1281	188	10
1282	137	0
1283	141	4
1284	81	2
1285	13	2
1286	126	12
1287	65	6
1288	235	16
1289	43	2
1290	151	2
1291	142	10
1292	127	4
1293	52	12
1294	101	4
1295	81	0
1296	228	8
1297	163	2
1298	138	10
1299	28	0
1300	41	2
1301	22	8
1302	54	1
1303	198	0
1304	117	16
1305	87	4
1306	158	2
1307	230	4
1308	75	12
1309	103	0
1310	110	2
1311	255	4
1312	54	6
1313	173	0
1314	73	10
1315	83	6
1316	71	3
1317	289	10
1318	20	2
1319	148	2
1320	86	10
1321	61	4
1322	117	4
1323	94	4
1324	9	2
1325	36	0
1326	41	2
1327	58	3
1328	32	2
1329	141	6
1330	17	2
1331	114	4
1332	51	2
1333	123	8
1334	69	2
1335	43	2
1336	182	6
1337	39	4
1338	66	2
1339	81	6
1340	370	18
1341	52	2
1342	83	2
1343	220	0
1344	184	6
1345	173	4
1346	115	0
1347	102	6
1348	83	4
1349	97	2
1350	63	7
1351	34	3
1352	137	0
1353	122	2
1354	49	10
1355	41	1
1356	11	0
1357	25	4
1358	11	2
1359	93	2
1360	55	4
1361	146	2
1362	54	0
1363	66	2
1364	156	4
1365	106	10
1366	322	18
1367	250	8
1368	80	1
1369	102	0
1370	35	2
1371	47	0
1372	175	2
1373	62	4
1374	206	12
1375	63	2
1376	41	4
1377	125	2
1378	69	0
1379	144	2
1380	152	6
1381	203	10
1382	173	12
1383	275	11
1384	235	16
1385	188	10
1386	278	6
1387	111	2
1388	123	4
1389	173	4
1390	46	2
1391	346	2
1392	140	2
1393	64	4
1394	93	2
1395	50	8
1396	49	4
1397	94	4
1398	66	2
1399	39	2
1400	93	6
1401	200	2
1402	89	4
1403	138	2
1404	392	2
1405	149	8
1406	100	6
1407	84	6
1408	191	2
1409	172	4
1410	81	6
1411	95	2
1412	104	4
1413	69	4
1414	170	6
1415	119	2
1416	59	2
1417	206	6
1418	91	4
1419	38	2
1420	127	2
1421	76	2
1422	137	4
1423	36	2
1424	73	2
1425	245	6
1426	32	0
1427	199	0
1428	59	2
1429	35	4
1430	106	8
1431	113	2
1432	83	2
1433	91	0
1434	185	2
1435	15	0
1436	269	0
1437	135	4
1438	154	2
1439	138	2
1440	110	2
1441	53	4
1442	102	4
1443	174	4
1444	116	6
1445	115	2
1446	49	0
1447	187	2
1448	4	2
1449	118	4
1450	99	6
1451	120	4
1452	68	0
1453	7	2
1454	255	4
1455	84	6
1456	132	4
1457	113	2
1458	116	4
1459	242	2
1460	28	6
1461	72	6
1462	83	8
1463	105	2
1464	381	10
1465	82	2
1466	53	0
1467	75	0
1468	46	2
1469	71	2
1470	55	4
1471	82	4
1472	144	2
1473	117	4
1474	134	8
1475	56	0
1476	116	4
1477	219	2
1478	49	2
1479	58	3
1480	68	2
1481	105	2
1482	100	0
1483	103	8
1484	113	14
1485	155	10
1486	20	0
1487	397	12
1488	81	8
1489	79	4
1490	57	8
1491	203	8
1492	67	4
1493	141	8
1494	111	2
1495	45	4
1496	103	0
1497	116	0
1498	71	0
1499	98	2
1500	125	4
1501	56	4
1502	193	2
1503	101	2
1504	36	2
1505	73	2
1506	220	2
1507	75	2
1508	231	6
1509	46	4
1510	291	4
1511	171	6
1512	35	2
1513	146	4
1514	156	4
1515	76	2
1516	108	4
1517	145	4
1518	19	2
1519	219	4
1520	26	2
1521	42	2
1522	201	6
1523	44	2
1524	110	0
1525	218	10
1526	57	2
1527	133	4
1528	151	6
1529	9	2
1530	153	10
1531	90	2
1532	248	14
1533	146	4
1534	145	2
1535	75	4
1536	80	2
1537	120	4
1538	273	4
1539	126	4
1540	55	2
1541	50	2
1542	32	4
1543	93	4
1544	188	2
1545	90	4
1546	181	2
1547	69	4
1548	85	6
1549	65	0
1550	21	2
1551	96	2
1552	159	2
1553	188	0
1554	112	6
1555	122	4
1556	53	2
1557	63	2
1558	67	0
1559	101	6
1560	107	4
1561	74	0
1562	31	2
1563	114	10
1564	236	2
1565	166	0
1566	127	4
1567	277	10
1568	51	0
1569	123	2
1570	180	4
1571	159	2
1572	182	0
1573	223	6
1574	126	2
1575	94	6
1576	76	8
1577	283	12
1578	60	4
1579	226	4
1580	177	2
1581	77	4
1582	105	8
1583	13	2
1584	40	0
1585	86	4
1586	48	2
1587	54	0
1588	96	2
1589	30	0
1590	116	0
1591	15	2
1592	110	2
1593	437	18
1594	179	0
1595	229	16
1596	71	6
1597	155	2
1598	104	10
1599	172	2
1600	413	10
1601	57	2
1602	25	2
1603	35	4
1604	75	4
1605	78	2
1606	35	2
1607	43	0
1608	50	2
1609	226	8
1610	274	10
1611	11	2
1612	106	6
1613	85	2
1614	54	2
1615	242	4
1616	126	4
1617	95	2
1618	133	6
1619	20	0
1620	191	6
1621	75	0
1622	165	2
1623	113	6
1624	53	2
1625	77	4
1626	99	2
1627	240	2
1628	100	2
1629	226	2
1630	120	4
1631	182	10
1632	145	6
1633	48	0
1634	151	14
1635	103	4
1636	46	2
1637	64	8
1638	78	0
1639	181	2
1640	197	0
1641	272	10
1642	95	2
1643	125	0
1644	61	2
1645	7	2
1646	97	4
1647	29	0
1648	44	2
1649	53	2
1650	32	2
1651	93	4
1652	92	2
1653	49	2
1654	24	4
1655	181	12
1656	78	6
1657	88	8
1658	32	0
1659	201	4
1660	42	2
1661	40	4
1662	43	4
1663	54	4
1664	113	4
1665	159	2
1666	168	4
1667	48	2
1668	136	8
1669	352	6
1670	137	4
1671	192	2
1672	125	6
1673	91	2
1674	95	6
1675	213	10
1676	61	6
1677	105	6
1678	167	2
1679	50	2
1680	35	2
1681	22	2
1682	29	0
1683	97	2
1684	245	8
1685	317	2
1686	67	2
1687	342	8
1688	63	4
1689	103	4
1690	173	2
1691	48	2
1692	160	2
1693	264	6
1694	66	2
1695	123	2
1696	51	2
1697	116	6
1698	197	2
1699	87	4
1700	24	2
1701	126	4
1702	32	4
1703	149	4
1704	118	6
1705	80	2
1706	75	2
1707	49	4
1708	69	2
1709	4	2
1710	86	4
1711	101	8
1712	241	6
1713	139	6
1714	151	2
1715	135	8
1716	69	0
1717	105	4
1718	56	0
1719	199	10
1720	58	0
1721	35	0
1722	42	0
1723	63	8
1724	32	0
1725	117	0
1726	64	4
1727	196	6
1728	154	2
1729	366	2
1730	137	6
1731	21	2
1732	33	2
1733	54	2
1734	289	2
1735	165	6
1736	59	4
1737	137	4
1738	52	4
1739	113	4
1740	119	2
1741	231	6
1742	68	2
1743	51	2
1744	35	0
1745	117	4
1746	56	2
1747	208	10
1748	32	0
1749	194	0
1750	132	6
1751	22	2
1752	207	2
1753	113	12
1754	57	2
1755	95	2
1756	84	8
1757	70	6
1758	141	2
1759	67	2
1760	90	4
1761	108	6
1762	204	4
1763	50	0
1764	121	6
1765	111	4
1766	11	0
1767	32	0
1768	85	2
1769	172	2
1770	36	0
1771	54	0
1772	182	2
1773	50	0
1774	49	6
1775	82	2
1776	44	0
1777	26	4
1778	22	4
1779	266	14
1780	395	12
1781	122	10
1782	234	10
1783	141	6
1784	223	2
1785	91	4
1786	118	2
1787	201	4
1788	63	2
1789	114	4
1790	25	0
1791	92	6
1792	71	0
1793	48	6
1794	82	2
1795	47	0
1796	143	6
1797	71	0
1798	24	2
1799	88	2
1800	291	2
1801	280	2
1802	34	2
1803	59	2
1804	30	4
1805	7	2
1806	78	2
1807	181	10
1808	73	0
1809	95	0
1810	40	4
1811	188	8
1812	63	2
1813	228	2
1814	41	4
1815	95	2
1816	104	0
1817	151	2
1818	82	6
1819	265	2
1820	80	4
1821	118	4
1822	38	0
1823	271	8
1824	94	2
1825	202	4
1826	50	0
1827	46	0
1828	11	0
1829	33	0
1830	140	12
1831	60	4
1832	276	12
1833	127	2
1834	75	4
1835	26	2
1836	39	2
1837	46	2
1838	234	10
1839	33	2
1840	101	2
1841	54	0
1842	105	2
1843	251	4
1844	29	0
1845	71	2
1846	198	10
1847	226	6
1848	174	0
1849	80	4
1850	24	4
1851	49	8
1852	92	2
1853	202	0
1854	53	2
1855	67	2
1856	159	12
1857	62	2
1858	85	2
1859	77	4
1860	46	0
1861	57	2
1862	41	0
1863	58	4
1864	166	6
1865	104	2
1866	43	2
1867	102	0
1868	68	4
1869	42	0
1870	44	0
1871	88	4
1872	202	6
1873	54	2
1874	53	2
1875	59	4
1876	178	2
1877	49	0
1878	122	2
1879	50	4
1880	56	6
1881	68	4
1882	311	8
1883	210	2
1884	238	4
1885	171	6
1886	79	0
1887	72	2
1888	55	2
1889	66	4
1890	26	2
1891	439	8
1892	23	3
1893	68	0
1894	352	6
1895	84	2
1896	81	4
1897	38	2
1898	88	10
1899	135	0
1900	50	2
1901	25	2
1902	25	0
1903	82	0
1904	245	4
1905	149	0
1906	179	4
1907	228	4
1908	106	0
1909	168	14
1910	66	4
1911	39	2
1912	49	2
1913	35	0
1914	70	6
1915	145	2
1916	63	4
1917	93	4
1918	85	0
1919	150	4
1920	88	2
1921	24	2
1922	154	6
1923	98	0
1924	74	2
1925	46	6
1926	18	2
1927	146	2
1928	113	10
1929	61	4
1930	198	8
1931	14	2
1932	49	2
1933	53	4
1934	71	2
1935	69	4
1936	159	0
1937	76	0
1938	119	2
1939	95	2
1940	281	8
1941	103	4
1942	156	10
1943	156	2
1944	208	12
1945	188	0
1946	65	0
1947	67	4
1948	167	2
1949	128	6
1950	36	4
1951	146	2
1952	62	4
1953	106	0
1954	100	2
1955	173	14
1956	123	2
1957	96	2
1958	93	2
1959	69	2
1960	62	2
1961	53	4
1962	105	2
1963	57	0
1964	81	2
1965	205	2
1966	156	12
1967	29	4
1968	78	4
1969	13	2
1970	41	0
1971	83	2
1972	69	2
1973	81	4
1974	28	0
1975	274	14
1976	124	2
1977	42	4
1978	94	4
1979	21	4
1980	49	6
1981	48	2
1982	38	2
1983	150	6
1984	157	0
1985	174	8
1986	242	4
1987	32	0
1988	134	4
1989	370	6
1990	65	0
1991	109	4
1992	158	10
1993	132	4
1994	76	2
1995	11	2
1996	56	0
1997	16	2
1998	41	0
1999	51	2
2000	28	2
2001	13	2
2002	52	0
2003	83	2
2004	76	4
2005	113	6
2006	174	4
2007	179	0
2008	45	0
2009	48	4
2010	80	4
2011	165	6
2012	66	4
2013	69	0
2014	34	2
2015	107	4
2016	181	4
2017	143	6
2018	98	0
2019	106	4
2020	161	10
2021	18	4
2022	220	6
2023	71	10
2024	45	4
2025	71	4
2026	102	0
2027	199	6
2028	125	0
2029	97	4
2030	172	2
2031	91	5
2032	91	2
2033	45	4
2034	21	2
2035	128	0
2036	120	4
2037	67	6
2038	72	4
2039	59	4
2040	74	2
2041	15	4
2042	82	4
2043	74	8
2044	50	2
2045	28	4
2046	137	4
2047	70	2
2048	34	0
2049	78	0
2050	202	4
2051	108	2
2052	65	0
2053	50	4
2054	34	0
2055	111	0
2056	166	6
2057	426	6
2058	228	16
2059	74	0
2060	42	0
2061	88	2
2062	63	4
2063	114	0
2064	326	2
2065	28	2
2066	154	6
2067	83	2
2068	17	4
2069	249	2
2070	48	2
2071	134	2
2072	66	4
2073	69	2
2074	199	8
2075	305	6
2076	23	0
2077	77	4
2078	218	8
2079	108	0
2080	26	2
2081	156	4
2082	53	2
2083	112	2
2084	171	2
2085	16	4
2086	199	0
2087	103	2
2088	54	2
2089	58	2
2090	73	2
2091	126	6
2092	151	2
2093	153	12
2094	202	2
2095	73	0
2096	105	2
2097	212	10
2098	79	4
2099	373	0
2100	85	2
2101	43	4
2102	91	0
2103	59	2
2104	103	2
2105	48	6
2106	153	10
2107	124	2
2108	334	12
2109	230	10
2110	33	2
2111	216	10
2112	49	0
2113	274	10
2114	165	4
2115	290	4
2116	86	2
2117	121	2
2118	158	4
2119	91	6
2120	139	4
2121	112	8
2122	306	2
2123	37	2
2124	128	2
2125	80	2
2126	129	12
2127	62	2
2128	339	4
2129	64	0
2130	305	12
2131	119	10
2132	98	8
2133	60	8
2134	141	2
2135	89	0
2136	31	2
2137	56	4
2138	205	2
2139	132	0
2140	48	2
2141	84	6
2142	52	2
2143	81	4
2144	98	2
2145	296	12
2146	68	0
2147	149	0
2148	58	0
2149	110	2
2150	68	2
2151	61	2
2152	300	10
2153	37	2
2154	192	4
2155	31	4
2156	93	10
2157	128	2
2158	26	2
2159	53	2
2160	62	0
2161	52	0
2162	58	6
2163	111	8
2164	42	2
2165	63	6
2166	74	0
2167	205	10
2168	116	0
2169	216	2
2170	200	4
2171	153	4
2172	134	6
2173	59	6
2174	94	2
2175	115	2
2176	314	10
2177	238	12
2178	42	2
2179	144	2
2180	39	2
2181	104	10
2182	181	14
2183	51	2
2184	65	2
2185	165	6
2186	40	2
2187	103	4
2188	55	4
2189	107	2
2190	219	6
2191	61	0
2192	156	2
2193	151	4
2194	134	4
2195	47	0
2196	129	0
2197	106	4
2198	69	6
2199	30	2
2200	82	8
2201	468	10
2202	40	2
2203	35	2
2204	151	6
2205	125	2
2206	49	2
2207	93	2
2208	180	10
2209	58	2
2210	92	0
2211	136	4
2212	118	4
2213	106	6
2214	161	12
2215	34	0
2216	74	8
2217	70	6
2218	92	4
2219	173	2
2220	293	14
2221	165	4
2222	108	4
2223	139	4
2224	168	4
2225	106	14
2226	87	0
2227	30	2
2228	65	2
2229	44	2
2230	158	6
2231	98	2
2232	269	2
2233	95	4
2234	120	6
2235	142	4
2236	54	0
2237	155	4
2238	146	6
2239	334	26
2240	155	6
2241	94	0
2242	324	6
2243	26	8
2244	23	2
2245	56	2
2246	67	4
2247	280	2
2248	246	6
2249	73	4
2250	252	12
2251	109	4
2252	45	0
2253	44	4
2254	39	2
2255	50	8
2256	39	4
2257	184	2
2258	76	2
2259	63	0
2260	236	10
2261	78	0
2262	67	2
2263	175	6
2264	231	6
2265	11	0
2266	399	6
2267	78	2
2268	89	2
2269	157	8
2270	133	10
2271	83	0
2272	67	2
2273	31	0
2274	78	2
2275	293	6
2276	27	0
2277	260	6
2278	184	4
2279	116	10
2280	56	0
2281	104	6
2282	84	0
2283	105	2
2284	400	24
2285	227	10
2286	61	4
2287	144	4
2288	41	2
2289	78	2
2290	35	2
2291	234	2
2292	167	8
2293	135	14
2294	66	2
2295	56	2
2296	94	6
2297	163	2
2298	50	2
2299	103	2
2300	86	6
2301	59	2
2302	106	4
2303	172	2
2304	251	6
2305	147	2
2306	115	2
2307	118	0
2308	39	2
2309	15	2
2310	46	6
2311	313	2
2312	87	2
2313	50	2
2314	157	0
2315	127	2
2316	21	2
2317	47	0
2318	72	2
2319	50	2
2320	79	2
2321	116	0
2322	18	4
2323	52	4
2324	22	2
2325	44	2
2326	195	6
2327	138	2
2328	104	2
2329	233	6
2330	227	8
2331	120	10
2332	99	6
2333	305	2
2334	182	4
2335	291	2
2336	557	6
2337	103	0
2338	59	4
2339	67	2
2340	100	4
2341	76	6
2342	125	0
2343	69	2
2344	58	0
2345	303	16
2346	689	4
2347	93	2
2348	59	2
2349	54	0
2350	23	2
2351	120	0
2352	453	16
2353	24	2
2354	120	2
2355	75	6
2356	67	2
2357	517	10
2358	26	2
2359	58	2
2360	175	10
2361	118	8
2362	99	10
2363	357	0
2364	622	2
2365	170	10
2366	137	8
2367	120	0
2368	106	4
2369	42	0
2370	42	2
2371	175	8
2372	211	16
2373	41	1
2374	98	0
2375	173	4
2376	295	2
2377	259	14
2378	56	2
2379	78	4
2380	160	2
2381	103	6
2382	90	2
2383	117	4
2384	35	2
2385	69	0
2386	30	4
2387	119	10
2388	7	4
2389	59	2
2390	148	6
2391	91	2
2392	277	4
2393	75	2
2394	256	4
2395	251	10
2396	151	12
2397	51	2
2398	39	2
2399	86	2
2400	36	2
2401	309	6
2402	70	2
2403	144	4
2404	70	2
2405	148	4
2406	119	6
2407	53	0
2408	77	2
2409	151	6
2410	56	6
2411	312	8
2412	134	4
2413	43	2
2414	58	6
2415	43	4
2416	58	8
2417	17	2
2418	100	6
2419	131	4
2420	107	2
2421	54	2
2422	65	4
2423	270	10
2424	196	18
2425	15	0
2426	87	2
2427	44	2
2428	230	6
2429	32	2
2430	198	10
2431	33	0
2432	275	2
2433	45	4
2434	59	4
2435	163	8
2436	117	2
2437	15	2
2438	141	2
2439	98	4
2440	49	4
2441	37	2
2442	268	2
2443	11	2
2444	232	4
2445	96	4
2446	54	4
2447	59	2
2448	154	2
2449	38	2
2450	264	8
2451	112	2
2452	75	0
2453	187	10
2454	91	8
2455	206	8
2456	103	2
2457	196	8
2458	92	2
2459	74	4
2460	95	0
2461	90	2
2462	44	2
2463	310	6
2464	109	10
2465	697	14
2466	44	2
2467	99	2
2468	54	4
2469	33	2
2470	70	4
2471	135	4
2472	146	4
2473	98	2
2474	84	8
2475	114	6
2476	288	4
2477	96	6
2478	91	4
2479	159	2
2480	156	12
2481	227	12
2482	121	2
2483	50	8
2484	179	5
2485	240	6
2486	24	0
2487	8	2
2488	110	8
2489	33	2
2490	103	2
2491	74	4
2492	120	0
2493	159	6
2494	37	0
2495	149	0
2496	55	2
2497	85	2
2498	215	0
2499	45	2
2500	117	4
2501	213	16
2502	215	2
2503	98	0
2504	148	0
2505	115	8
2506	139	4
2507	94	2
2508	91	2
2509	176	2
2510	166	2
2511	153	4
2512	53	8
2513	88	0
2514	460	10
2515	80	2
2516	43	0
2517	64	2
2518	106	0
2519	47	0
2520	74	2
2521	137	6
2522	20	2
2523	47	2
2524	57	2
2525	59	2
2526	42	4
2527	80	2
2528	20	0
2529	58	0
2530	51	4
2531	142	2
2532	100	0
2533	38	2
2534	371	2
2535	52	4
2536	15	0
2537	54	4
2538	291	12
2539	6	2
2540	58	2
2541	54	2
2542	88	6
2543	86	10
2544	204	6
2545	42	0
2546	130	2
2547	145	4
2548	137	4
2549	85	0
2550	161	4
2551	159	8
2552	146	6
2553	49	0
2554	220	2
2555	83	4
2556	47	0
2557	222	2
2558	46	2
2559	155	2
2560	189	4
2561	52	4
2562	55	2
2563	39	2
2564	94	2
2565	88	8
2566	302	3
2567	61	14
2568	48	2
2569	28	2
2570	65	8
2571	180	10
2572	91	4
2573	252	11
2574	175	0
2575	105	2
2576	275	12
2577	117	6
2578	47	0
2579	73	6
2580	88	4
2581	59	0
2582	61	0
2583	367	4
2584	30	2
2585	66	2
2586	214	4
2587	100	4
2588	40	2
2589	174	6
2590	36	4
2591	85	4
2592	43	4
2593	134	2
2594	73	4
2595	257	8
2596	21	2
2597	330	4
2598	157	4
2599	162	10
2600	24	0
2601	137	8
2602	104	6
2603	82	4
2604	164	4
2605	120	4
2606	166	2
2607	81	6
2608	58	4
2609	58	0
2610	91	8
2611	180	8
2612	220	2
2613	146	0
2614	140	4
2615	26	4
2616	76	2
2617	69	8
2618	95	2
2619	74	2
2620	136	10
2621	18	2
2622	213	0
2623	146	8
2624	334	6
2625	40	2
2626	162	6
2627	67	0
2628	53	0
2629	35	4
2630	29	0
2631	238	8
2632	180	8
2633	46	4
2634	106	0
2635	125	2
2636	55	2
2637	233	18
2638	86	6
2639	86	6
2640	40	2
2641	227	0
2642	58	6
2643	40	0
2644	112	2
2645	65	4
2646	111	6
2647	65	2
2648	97	2
2649	154	6
2650	157	4
2651	29	0
2652	89	6
2653	177	6
2654	51	2
2655	128	2
2656	114	0
2657	42	0
2658	57	2
2659	224	8
2660	248	4
2661	57	4
2662	26	6
2663	161	12
2664	91	0
2665	39	4
2666	262	10
2667	164	8
2668	222	2
2669	25	2
2670	366	14
2671	53	2
2672	155	6
2673	74	2
2674	20	6
2675	314	12
2676	119	4
2677	251	6
2678	262	4
2679	113	2
2680	132	8
2681	58	0
2682	145	2
2683	57	2
2684	160	2
2685	102	2
2686	59	4
2687	109	0
2688	31	2
2689	162	2
2690	69	8
2691	114	2
2692	52	2
2693	119	6
2694	54	4
2695	164	4
2696	137	4
2697	162	4
2698	49	2
2699	39	2
2700	140	6
2701	76	2
2702	154	6
2703	317	4
2704	98	2
2705	112	8
2706	53	0
2707	122	0
2708	105	6
2709	150	2
2710	77	8
2711	113	8
2712	19	4
2713	190	6
2714	117	2
2715	245	8
2716	203	0
2717	119	10
2718	42	0
2719	32	2
2720	189	6
2721	64	4
2722	64	2
2723	51	2
2724	130	10
2725	137	4
2726	173	10
2727	49	10
2728	61	2
2729	39	0
2730	177	8
2731	169	4
2732	36	4
2733	74	2
2734	29	4
2735	158	2
2736	72	2
2737	286	8
2738	123	6
2739	328	8
2740	315	8
2741	113	4
2742	39	2
2743	17	0
2744	52	4
2745	93	2
2746	59	0
2747	68	2
2748	226	8
2749	66	4
2750	80	2
2751	98	2
2752	77	2
2753	170	6
2754	22	2
2755	17	2
2756	172	8
2757	44	8
2758	115	4
2759	93	2
2760	280	2
2761	112	2
2762	95	2
2763	54	0
2764	390	2
2765	143	12
2766	95	0
2767	104	0
2768	83	0
2769	160	2
2770	60	4
2771	142	2
2772	208	10
2773	103	2
2774	100	4
2775	147	2
2776	52	2
2777	64	0
2778	89	0
2779	140	10
2780	23	4
2781	160	10
2782	206	8
2783	329	14
2784	216	14
2785	26	2
2786	201	4
2787	508	18
2788	151	0
2789	177	2
2790	30	0
2791	69	4
2792	40	4
2793	40	4
2794	118	10
2795	235	2
2796	22	2
2797	139	2
2798	442	8
2799	16	2
2800	69	4
2801	165	2
2802	67	2
2803	48	4
2804	289	2
2805	109	2
2806	126	6
2807	85	4
2808	39	2
2809	25	0
2810	156	6
2811	61	2
2812	140	6
2813	87	0
2814	91	4
2815	129	6
2816	70	4
2817	120	10
2818	146	12
2819	92	10
2820	187	8
2821	269	2
2822	119	0
2823	62	2
2824	197	6
2825	67	2
2826	55	4
2827	192	4
2828	66	0
2829	34	2
2830	65	4
2831	77	2
2832	134	2
2833	82	6
2834	91	6
2835	20	2
2836	124	4
2837	49	2
2838	119	4
2839	65	6
2840	102	8
2841	39	4
2842	94	2
2843	52	2
2844	481	2
2845	96	8
2846	92	4
2847	129	4
2848	129	4
2849	146	4
2850	161	8
2851	150	8
2852	47	0
2853	222	6
2854	29	2
2855	245	8
2856	185	6
2857	124	12
2858	41	0
2859	23	2
2860	66	2
2861	88	4
2862	90	2
2863	35	2
2864	50	0
2865	98	2
2866	341	8
2867	212	6
2868	79	4
2869	66	2
2870	73	10
2871	11	0
2872	23	2
2873	124	8
2874	133	4
2875	273	0
2876	162	4
2877	124	4
2878	150	4
2879	63	2
2880	133	14
2881	204	6
2882	154	10
2883	25	1
2884	208	6
2885	72	12
2886	59	0
2887	83	2
2888	170	0
2889	193	4
2890	61	2
2891	305	6
2892	35	2
2893	12	2
2894	86	4
2895	23	2
2896	121	4
2897	234	0
2898	25	0
2899	34	2
2900	40	2
2901	62	2
2902	50	0
2903	110	4
2904	48	2
2905	166	2
2906	49	2
2907	124	2
2908	124	4
2909	132	2
2910	296	0
2911	60	8
2912	170	6
2913	180	14
2914	42	4
2915	56	0
2916	102	8
2917	76	2
2918	168	8
2919	88	4
2920	72	4
2921	256	8
2922	215	2
2923	70	6
2924	71	0
2925	89	2
2926	92	4
2927	23	2
2928	36	2
2929	80	0
2930	54	2
2931	65	2
2932	28	2
2933	51	2
2934	116	0
2935	247	12
2936	78	4
2937	37	2
2938	173	6
2939	74	2
2940	151	4
2941	48	4
2942	73	2
2943	302	12
2944	95	10
2945	36	0
2946	30	6
2947	90	2
2948	50	2
2949	68	2
2950	129	4
2951	62	2
2952	31	6
2953	100	1
2954	24	2
2955	12	0
2956	303	26
2957	79	0
2958	166	16
2959	49	0
2960	318	2
2961	61	2
2962	84	0
2963	117	2
2964	97	2
2965	245	0
2966	90	2
2967	106	6
2968	30	0
2969	67	2
2970	69	2
2971	82	0
2972	47	0
2973	84	4
2974	145	0
2975	45	2
2976	81	2
2977	96	6
2978	169	0
2979	117	2
2980	99	2
2981	37	2
2982	93	6
2983	70	2
2984	77	2
2985	101	0
2986	69	0
2987	31	2
2988	70	2
2989	99	4
2990	51	2
2991	101	6
2992	88	2
2993	76	4
2994	174	2
2995	137	2
2996	41	2
2997	108	2
2998	328	10
2999	133	4
3000	140	6
3001	44	2
3002	148	4
3003	38	4
3004	214	6
3005	142	2
3006	82	4
3007	69	6
3008	40	4
3009	109	6
3010	75	6
3011	56	0
3012	96	0
3013	71	2
3014	51	4
3015	183	6
3016	107	4
3017	124	2
3018	93	4
3019	147	0
3020	31	0
3021	171	2
3022	36	6
3023	24	2
3024	80	4
3025	116	4
3026	25	2
3027	55	4
3028	85	0
3029	52	2
3030	204	2
3031	146	0
3032	79	4
3033	207	4
3034	112	2
3035	55	2
3036	46	2
3037	160	6
3038	92	4
3039	65	4
3040	95	4
3041	79	2
3042	140	10
3043	79	8
3044	128	4
3045	61	2
3046	107	4
3047	29	3
3048	85	6
3049	26	4
3050	28	4
3051	167	10
3052	173	8
3053	54	2
3054	96	4
3055	90	4
3056	218	16
3057	247	6
3058	57	6
3059	22	2
3060	132	2
3061	116	8
3062	64	2
3063	49	0
3064	48	2
3065	210	6
3066	101	4
3067	302	4
3068	68	2
3069	266	4
3070	99	10
3071	225	0
3072	60	2
3073	234	2
3074	47	0
3075	84	14
3076	84	2
3077	149	2
3078	138	2
3079	395	12
3080	135	4
3081	39	0
3082	100	0
3083	46	6
3084	13	2
3085	77	4
3086	81	4
3087	237	8
3088	85	0
3089	61	4
3090	348	12
3091	112	4
3092	84	6
3093	237	6
3094	128	2
3095	74	4
3096	42	0
3097	111	4
3098	209	2
3099	245	6
3100	37	2
3101	108	4
3102	45	6
3103	203	8
3104	45	0
3105	140	2
3106	72	6
3107	52	2
3108	52	2
3109	36	3
3110	45	0
3111	219	4
3112	262	10
3113	190	10
3114	74	6
3115	239	0
3116	51	2
3117	40	2
3118	35	2
3119	82	2
3120	60	2
3121	165	2
3122	258	6
3123	55	0
3124	142	4
3125	170	6
3126	401	6
3127	20	6
3128	105	4
3129	87	2
3130	185	12
3131	46	0
3132	85	4
3133	37	2
3134	277	6
3135	253	8
3136	139	2
3137	23	2
3138	112	0
3139	29	6
3140	45	2
3141	125	2
3142	164	6
3143	120	2
3144	130	6
3145	65	0
3146	333	8
3147	67	6
3148	12	2
3149	257	4
3150	71	4
3151	106	4
3152	108	2
3153	139	8
3154	28	2
3155	27	6
3156	111	6
3157	91	6
3158	63	2
3159	71	6
3160	63	2
3161	117	2
3162	100	4
3163	46	2
3164	227	12
3165	108	6
3166	35	2
3167	70	4
3168	26	0
3169	153	2
3170	171	6
3171	288	8
3172	59	4
3173	57	2
3174	444	16
3175	293	2
3176	354	16
3177	525	16
3178	343	20
3179	198	4
3180	118	10
3181	26	6
3182	153	4
3183	26	2
3184	82	2
3185	222	0
3186	45	4
3187	37	2
3188	23	2
3189	66	10
3190	106	2
3191	28	2
3192	43	2
3193	42	6
3194	101	0
3195	50	2
3196	270	8
3197	74	2
3198	24	2
3199	45	0
3200	408	10
3201	51	2
3202	44	6
3203	174	8
3204	121	2
3205	215	8
3206	72	2
3207	59	2
3208	119	4
3209	62	0
3210	131	2
3211	130	2
3212	172	4
3213	32	4
3214	114	4
3215	14	0
3216	193	16
3217	45	12
3218	31	2
3219	11	0
3220	63	8
3221	18	0
3222	97	8
3223	54	2
3224	145	2
3225	87	2
3226	120	2
3227	87	4
3228	44	2
3229	84	2
3230	97	4
3231	67	4
3232	145	10
3233	139	8
3234	329	2
3235	37	2
3236	150	2
3237	83	0
3238	88	8
3239	152	4
3240	81	6
3241	175	0
3242	17	2
3243	117	0
3244	81	4
3245	55	2
3246	66	2
3247	139	6
3248	74	2
3249	190	4
3250	113	2
3251	14	2
3252	111	4
3253	68	6
3254	36	2
3255	47	0
3256	212	4
3257	57	0
3258	144	4
3259	101	0
3260	66	2
3261	124	4
3262	165	2
3263	93	8
3264	63	0
3265	72	4
3266	29	2
3267	111	4
3268	72	8
3269	33	0
3270	214	10
3271	42	2
3272	205	6
3273	42	0
3274	268	6
3275	79	2
3276	279	6
3277	11	0
3278	86	2
3279	238	4
3280	170	6
3281	118	4
3282	145	2
3283	52	6
3284	50	4
3285	37	2
3286	105	4
3287	90	6
3288	104	4
3289	112	2
3290	118	4
3291	197	6
3292	41	8
3293	186	2
3294	65	4
3295	119	8
3296	139	2
3297	115	6
3298	40	2
3299	78	2
3300	212	4
3301	62	6
3302	152	10
3303	87	6
3304	83	2
3305	14	2
3306	126	4
3307	9	4
3308	32	2
3309	162	8
3310	45	2
3311	96	2
3312	103	0
3313	82	8
3314	22	2
3315	56	0
3316	133	4
3317	56	0
3318	192	10
3319	349	16
3320	40	0
3321	43	6
3322	165	2
3323	274	2
3324	247	4
3325	174	4
3326	100	2
3327	183	6
3328	349	8
3329	274	0
3330	87	0
3331	100	14
3332	106	5
3333	125	4
3334	25	2
3335	227	14
3336	129	2
3337	107	2
3338	40	0
3339	114	8
3340	77	4
3341	146	10
3342	66	2
3343	236	10
3344	104	2
3345	72	2
3346	93	2
3347	127	2
3348	29	2
3349	133	0
3350	222	4
3351	45	8
3352	103	6
3353	75	0
3354	112	4
3355	41	2
3356	11	2
3357	43	2
3358	189	0
3359	47	0
3360	114	4
3361	153	2
3362	118	4
3363	128	0
3364	92	4
3365	245	2
3366	11	2
3367	112	10
3368	363	14
3369	221	0
3370	95	6
3371	49	6
3372	172	6
3373	61	8
3374	102	0
3375	64	0
3376	246	4
3377	245	4
3378	245	2
3379	171	6
3380	93	2
3381	97	0
3382	182	6
3383	79	4
3384	68	2
3385	184	2
3386	111	0
3387	59	6
3388	143	8
3389	344	0
3390	86	0
3391	37	4
3392	93	0
3393	272	2
3394	132	2
3395	144	2
3396	152	4
3397	96	4
3398	95	4
3399	48	2
3400	41	0
3401	55	6
3402	173	2
3403	64	4
3404	308	10
3405	207	6
3406	204	4
3407	19	0
3408	144	8
3409	51	0
3410	104	2
3411	28	2
3412	50	2
3413	142	4
3414	167	6
3415	93	4
3416	128	8
3417	97	4
3418	107	6
3419	200	16
3420	92	0
3421	120	2
3422	22	2
3423	100	4
3424	83	8
3425	52	6
3426	152	4
3427	59	6
3428	73	6
3429	11	4
3430	88	6
3431	106	6
3432	137	4
3433	32	2
3434	35	2
3435	91	0
3436	109	0
3437	160	0
3438	56	0
3439	152	2
3440	112	2
3441	234	10
3442	70	2
3443	183	6
3444	117	8
3445	116	4
3446	70	4
3447	11	2
3448	43	2
3449	47	2
3450	52	2
3451	48	4
3452	42	0
3453	58	4
3454	47	6
3455	340	0
3456	141	8
3457	179	8
3458	31	4
3459	155	0
3460	56	0
3461	52	2
3462	172	8
3463	194	6
3464	165	4
3465	53	0
3466	101	6
3467	210	12
3468	90	6
3469	31	2
3470	124	4
3471	107	2
3472	84	2
3473	144	2
3474	69	0
3475	105	4
3476	56	0
3477	59	0
3478	209	2
3479	129	4
3480	422	0
3481	161	8
3482	178	4
3483	246	6
3484	116	4
3485	259	10
3486	102	2
3487	136	12
3488	359	10
3489	223	0
3490	46	2
3491	85	14
3492	146	2
3493	139	2
3494	62	2
3495	73	2
3496	75	8
3497	42	2
3498	115	4
3499	102	4
3500	62	4
3501	85	2
3502	75	4
3503	24	4
3504	53	0
3505	35	2
3506	120	4
3507	216	6
3508	152	6
3509	203	2
3510	72	2
3511	56	2
3512	67	6
3513	23	4
3514	172	4
3515	48	0
3516	250	6
3517	41	0
3518	62	2
3519	110	4
3520	113	4
3521	57	2
3522	37	2
3523	186	6
3524	120	4
3525	85	8
3526	113	4
3527	45	2
3528	113	0
3529	182	8
3530	68	2
3531	42	2
3532	59	0
3533	63	0
3534	189	6
3535	276	6
3536	195	2
3537	183	2
3538	124	6
3539	107	2
3540	142	6
3541	87	0
3542	141	8
3543	145	6
3544	71	2
3545	147	8
3546	97	4
3547	94	4
3548	56	6
3549	144	0
3550	70	2
3551	105	8
3552	38	2
3553	155	2
3554	74	4
3555	184	2
3556	204	8
3557	111	4
3558	110	2
3559	63	0
3560	273	4
3561	141	2
3562	85	0
3563	113	2
3564	73	0
3565	86	2
3566	39	0
3567	16	2
3568	23	6
3569	27	2
3570	162	8
3571	65	0
3572	61	0
3573	137	2
3574	22	4
3575	44	2
3576	72	4
3577	33	2
3578	230	3
3579	15	2
3580	72	0
3581	77	4
3582	58	2
3583	122	0
3584	68	2
3585	93	0
3586	86	2
3587	36	0
3588	80	6
3589	165	2
3590	100	4
3591	48	2
3592	139	4
3593	40	0
3594	98	6
3595	38	2
3596	166	10
3597	135	6
3598	191	8
3599	84	7
3600	23	0
3601	86	6
3602	53	0
3603	83	2
3604	110	10
3605	28	4
3606	36	2
3607	245	8
3608	123	0
3609	90	0
3610	80	0
3611	106	6
3612	206	0
3613	307	6
3614	89	2
3615	96	4
3616	73	2
3617	199	4
3618	93	2
3619	189	2
3620	26	4
3621	607	6
3622	23	0
3623	187	6
3624	114	4
3625	85	6
3626	191	6
3627	38	0
3628	176	0
3629	115	0
3630	199	6
3631	46	2
3632	29	4
3633	83	2
3634	82	4
3635	15	2
3636	126	2
3637	83	6
3638	141	4
3639	97	0
3640	112	6
3641	87	4
3642	35	0
3643	61	2
3644	43	4
3645	91	4
3646	63	0
3647	126	4
3648	87	4
3649	66	1
3650	227	4
3651	71	2
3652	85	0
3653	93	2
3654	45	0
3655	46	8
3656	220	12
3657	44	0
3658	102	6
3659	129	2
3660	57	2
3661	20	4
3662	33	4
3663	136	2
3664	50	0
3665	38	0
3666	84	2
3667	29	2
3668	71	2
3669	43	4
3670	56	2
3671	25	0
3672	92	2
3673	177	2
3674	256	16
3675	32	2
3676	37	2
3677	85	0
3678	68	2
3679	58	2
3680	92	8
3681	135	8
3682	27	4
3683	344	10
3684	276	0
3685	39	0
3686	28	0
3687	213	8
3688	84	4
3689	199	12
3690	333	2
3691	63	2
3692	126	6
3693	127	0
3694	67	2
3695	75	4
3696	107	8
3697	381	2
3698	76	2
3699	29	4
3700	26	4
3701	122	0
3702	55	4
3703	304	6
3704	130	8
3705	31	4
3706	109	2
3707	85	2
3708	66	6
3709	102	6
3710	57	0
3711	142	8
3712	135	8
3713	76	10
3714	109	2
3715	325	0
3716	100	4
3717	58	6
3718	61	0
3719	83	2
3720	36	6
3721	127	2
3722	59	0
3723	66	6
3724	22	2
3725	81	0
3726	66	4
3727	173	8
3728	168	4
3729	24	2
3730	87	2
3731	441	8
3732	54	0
3733	93	4
3734	35	0
3735	40	2
3736	66	2
3737	55	2
3738	88	2
3739	155	6
3740	255	2
3741	175	2
3742	66	6
3743	164	4
3744	34	4
3745	80	0
3746	68	4
3747	144	6
3748	108	2
3749	145	0
3750	20	0
3751	56	4
3752	169	6
3753	48	0
3754	102	0
3755	169	0
3756	63	4
3757	98	6
3758	28	0
3759	43	2
3760	24	2
3761	57	2
3762	213	6
3763	344	12
3764	150	2
3765	20	4
3766	163	0
3767	98	2
3768	54	4
3769	137	2
3770	57	6
3771	49	2
3772	115	2
3773	31	2
3774	50	4
3775	201	4
3776	55	4
3777	399	12
3778	274	18
3779	208	8
3780	315	4
3781	85	6
3782	97	4
3783	93	0
3784	64	0
3785	101	0
3786	83	2
3787	91	0
3788	63	2
3789	110	2
3790	20	2
3791	439	4
3792	26	2
3793	139	6
3794	15	2
3795	126	2
3796	109	6
3797	123	4
3798	97	8
3799	51	2
3800	27	2
3801	165	6
3802	174	10
3803	52	2
3804	74	0
3805	196	2
3806	224	2
3807	88	4
3808	128	0
3809	303	6
3810	50	6
3811	306	12
3812	65	6
3813	128	0
3814	161	2
3815	131	8
3816	157	2
3817	389	10
3818	59	2
3819	114	2
3820	241	10
3821	106	4
3822	239	2
3823	119	0
3824	37	2
3825	262	6
3826	255	14
3827	118	2
3828	65	2
3829	144	0
3830	114	6
3831	33	0
3832	241	10
3833	166	2
3834	84	4
3835	97	6
3836	107	4
3837	188	4
3838	169	2
3839	47	4
3840	29	5
3841	59	2
3842	14	2
3843	187	8
3844	173	2
3845	373	10
3846	106	4
3847	63	6
3848	121	4
3849	197	10
3850	273	6
3851	169	2
3852	74	6
3853	153	4
3854	116	4
3855	159	0
3856	66	2
3857	268	2
3858	103	6
3859	67	0
3860	174	4
3861	43	2
3862	382	14
3863	82	2
3864	69	0
3865	43	0
3866	93	6
3867	50	6
3868	111	4
3869	399	14
3870	83	10
3871	89	14
3872	50	2
3873	56	10
3874	155	9
3875	135	0
3876	101	4
3877	56	4
3878	78	2
3879	267	8
3880	88	6
3881	164	4
3882	68	2
3883	218	8
3884	314	4
3885	72	2
3886	80	4
3887	49	6
3888	112	2
3889	54	2
3890	70	8
3891	140	4
3892	105	2
3893	242	6
3894	189	4
3895	230	4
3896	89	2
3897	106	4
3898	53	4
3899	126	10
3900	99	4
3901	147	6
3902	226	4
3903	254	18
3904	72	4
3905	66	6
3906	99	2
3907	58	2
3908	62	4
3909	101	4
3910	115	2
3911	142	0
3912	107	2
3913	148	4
3914	50	2
3915	45	2
3916	111	4
3917	73	6
3918	34	2
3919	165	6
3920	52	0
3921	63	2
3922	46	8
3923	180	2
3924	40	4
3925	55	2
3926	127	4
3927	57	2
3928	31	2
3929	104	3
3930	21	2
3931	50	6
3932	48	2
3933	224	12
3934	74	6
3935	120	2
3936	116	4
3937	179	10
3938	125	0
3939	45	0
3940	67	4
3941	92	4
3942	141	2
3943	128	0
3944	22	6
3945	153	5
3946	288	2
3947	210	14
3948	129	2
3949	79	0
3950	118	0
3951	54	0
3952	25	2
3953	116	8
3954	78	6
3955	103	6
3956	88	3
3957	72	2
3958	34	2
3959	91	4
3960	51	0
3961	165	8
3962	31	2
3963	103	0
3964	118	8
3965	37	0
3966	79	8
3967	92	6
3968	18	0
3969	89	4
3970	121	4
3971	172	10
3972	33	2
3973	25	6
3974	147	4
3975	57	2
3976	86	2
3977	57	2
3978	402	8
3979	223	8
3980	35	2
3981	133	0
3982	267	4
3983	96	4
3984	285	2
3985	114	4
3986	111	6
3987	263	4
3988	21	0
3989	49	6
3990	269	18
3991	20	2
3992	28	2
3993	429	4
3994	116	0
3995	40	4
3996	26	0
3997	168	2
3998	26	0
3999	187	10
4000	131	8
4001	54	4
4002	42	2
4003	84	12
4004	34	2
4005	80	2
4006	17	2
4007	55	4
4008	244	4
4009	109	4
4010	192	12
4011	205	12
4012	138	4
4013	32	0
4014	193	2
4015	76	4
4016	100	0
4017	33	4
4018	158	4
4019	42	2
4020	150	2
4021	77	4
4022	202	10
4023	65	8
4024	64	0
4025	168	2
4026	101	6
4027	11	2
4028	44	4
4029	95	4
4030	137	6
4031	140	4
4032	73	2
4033	243	10
4034	330	0
4035	48	0
4036	124	2
4037	82	4
4038	94	0
4039	196	4
4040	37	0
4041	109	6
4042	160	6
4043	212	2
4044	40	4
4045	117	0
4046	50	4
4047	16	2
4048	3	2
4049	99	3
4050	77	4
4051	91	2
4052	44	0
4053	43	2
4054	43	4
4055	234	14
4056	63	4
4057	50	2
4058	77	2
4059	102	6
4060	17	2
4061	83	2
4062	141	4
4063	82	4
4064	130	4
4065	41	2
4066	172	4
4067	309	14
4068	132	4
4069	48	2
4070	85	2
4071	19	2
4072	133	4
4073	42	2
4074	137	2
4075	310	14
4076	84	2
4077	86	4
4078	91	4
4079	33	4
4080	67	4
4081	26	2
4082	32	2
4083	58	2
4084	33	4
4085	124	4
4086	27	2
4087	78	6
4088	138	6
4089	45	0
4090	107	2
4091	225	4
4092	425	0
4093	8	2
4094	98	0
4095	36	0
4096	240	4
4097	131	2
4098	38	2
4099	3	2
4100	333	0
4101	163	2
4102	83	4
4103	170	2
4104	34	2
4105	97	2
4106	31	2
4107	295	6
4108	39	4
4109	106	0
4110	26	2
4111	81	2
4112	154	10
4113	103	2
4114	147	6
4115	86	4
4116	110	8
4117	109	4
4118	125	4
4119	23	4
4120	93	4
4121	112	0
4122	120	2
4123	73	2
4124	92	4
4125	32	2
4126	91	4
4127	63	0
4128	118	6
4129	176	6
4130	56	2
4131	233	8
4132	55	2
4133	37	0
4134	91	2
4135	49	4
4136	85	2
4137	138	6
4138	35	2
4139	20	4
4140	121	8
4141	55	4
4142	222	6
4143	472	10
4144	80	10
4145	78	0
4146	137	4
4147	161	4
4148	63	2
4149	112	2
4150	58	2
4151	166	0
4152	42	4
4153	44	0
4154	101	2
4155	220	6
4156	24	0
4157	118	8
4158	68	4
4159	81	4
4160	121	0
4161	126	2
4162	34	2
4163	189	0
4164	55	0
4165	141	2
4166	152	4
4167	39	0
4168	19	2
4169	146	4
4170	56	4
4171	173	2
4172	101	2
4173	67	0
4174	218	10
4175	29	2
4176	91	2
4177	113	4
4178	100	4
4179	138	7
4180	71	2
4181	20	2
4182	86	2
4183	164	8
4184	184	8
4185	90	6
4186	29	2
4187	153	8
4188	130	8
4189	240	10
4190	82	6
4191	61	2
4192	125	4
4193	93	4
4194	363	8
4195	230	2
4196	80	2
4197	141	8
4198	206	2
4199	202	6
4200	101	2
4201	47	6
4202	105	2
4203	61	2
4204	30	6
4205	54	6
4206	56	4
4207	67	2
4208	21	2
4209	12	0
4210	65	4
4211	64	2
4212	78	0
4213	8	2
4214	66	6
4215	242	4
4216	29	0
4217	41	2
4218	235	10
4219	130	6
4220	38	4
4221	98	8
4222	25	4
4223	69	8
4224	308	12
4225	52	2
4226	202	4
4227	114	6
4228	53	0
4229	53	2
4230	108	4
4231	117	4
4232	119	2
4233	199	6
4234	25	2
4235	133	4
4236	93	0
4237	69	0
4238	84	2
4239	84	2
4240	137	4
4241	202	4
4242	187	10
4243	35	4
4244	47	4
4245	145	0
4246	76	2
4247	28	2
4248	159	2
4249	181	2
4250	91	2
4251	173	18
4252	25	4
4253	37	2
4254	129	12
4255	126	10
4256	208	8
4257	135	4
4258	48	6
4259	25	0
4260	257	4
4261	311	8
4262	158	4
4263	24	4
4264	48	0
4265	188	4
4266	165	10
4267	99	4
4268	104	0
4269	62	0
4270	125	4
4271	71	6
4272	302	4
4273	280	5
4274	134	2
4275	38	4
4276	190	4
4277	63	2
4278	25	2
4279	115	3
4280	57	2
4281	151	2
4282	64	4
4283	51	4
4284	95	10
4285	162	4
4286	98	2
4287	92	2
4288	100	4
4289	158	10
4290	106	2
4291	71	2
4292	123	6
4293	210	0
4294	41	2
4295	186	20
4296	69	6
4297	104	6
4298	77	2
4299	368	16
4300	92	0
4301	163	6
4302	185	8
4303	111	4
4304	136	2
4305	17	2
4306	169	0
4307	130	6
4308	110	2
4309	313	26
4310	308	6
4311	168	12
4312	71	4
4313	82	5
4314	112	6
4315	43	2
4316	88	0
4317	203	6
4318	181	6
4319	30	2
4320	140	2
4321	101	4
4322	59	4
4323	148	6
4324	63	4
4325	115	6
4326	191	8
4327	341	20
4328	59	2
4329	69	4
4330	36	4
4331	170	4
4332	51	2
4333	42	4
4334	70	6
4335	250	2
4336	112	2
4337	38	2
4338	43	2
4339	135	2
4340	33	0
4341	13	2
4342	67	4
4343	43	0
4344	95	2
4345	29	2
4346	320	6
4347	59	2
4348	151	2
4349	26	0
4350	16	2
4351	184	6
4352	278	8
4353	27	0
4354	26	2
4355	163	10
4356	72	2
4357	56	0
4358	79	4
4359	91	2
4360	195	8
4361	225	4
4362	25	2
4363	205	6
4364	214	6
4365	54	4
4366	82	0
4367	194	8
4368	45	2
4369	84	2
4370	38	0
4371	284	2
4372	48	0
4373	86	2
4374	126	6
4375	83	4
4376	18	2
4377	70	0
4378	57	2
4379	145	2
4380	98	2
4381	198	22
4382	148	8
4383	260	4
4384	55	2
4385	88	0
4386	116	2
4387	137	10
4388	27	2
4389	79	2
4390	17	6
4391	94	2
4392	183	6
4393	77	0
4394	81	0
4395	92	2
4396	48	6
4397	97	0
4398	50	6
4399	33	2
4400	80	6
4401	148	4
4402	29	5
4403	67	0
4404	68	0
4405	129	4
4406	95	2
4407	295	6
4408	42	2
4409	243	4
4410	63	0
4411	31	2
4412	121	4
4413	75	2
4414	371	10
4415	77	0
4416	82	4
4417	395	4
4418	47	2
4419	17	4
4420	171	4
4421	90	4
4422	29	2
4423	71	4
4424	82	2
4425	19	4
4426	93	4
4427	347	8
4428	85	2
4429	176	8
4430	94	0
4431	83	2
4432	21	2
4433	50	0
4434	20	2
4435	72	8
4436	58	4
4437	67	2
4438	192	6
4439	122	2
4440	45	2
4441	82	2
4442	107	4
4443	69	2
4444	35	0
4445	165	12
4446	249	6
4447	86	10
4448	36	6
4449	149	2
4450	20	2
4451	73	2
4452	106	2
4453	345	10
4454	242	4
4455	140	6
4456	31	4
4457	150	7
4458	111	2
4459	87	0
4460	214	4
4461	13	2
4462	145	12
4463	66	4
4464	31	2
4465	38	4
4466	127	2
4467	39	2
4468	321	8
4469	33	2
4470	89	2
4471	78	6
4472	97	6
4473	121	2
4474	220	6
4475	23	0
4476	48	2
4477	108	2
4478	37	4
4479	124	2
4480	38	6
4481	204	2
4482	112	6
4483	174	2
4484	49	6
4485	105	0
4486	49	0
4487	82	0
4488	165	4
4489	160	8
4490	113	4
4491	33	4
4492	59	4
4493	85	0
4494	79	0
4495	55	0
4496	222	4
4497	61	0
4498	16	2
4499	61	0
4500	75	0
4501	144	2
4502	17	2
4503	118	10
4504	25	0
4505	119	0
4506	51	0
4507	33	4
4508	85	4
4509	72	2
4510	5	2
4511	89	0
4512	44	0
4513	78	2
4514	123	2
4515	51	2
4516	164	2
4517	123	4
4518	82	0
4519	178	4
4520	75	2
4521	33	4
4522	229	4
4523	121	6
4524	58	2
4525	90	6
4526	27	0
4527	268	24
4528	114	2
4529	181	6
4530	204	14
4531	37	2
4532	93	2
4533	35	2
4534	184	2
4535	41	4
4536	68	10
4537	63	4
4538	172	8
4539	134	6
4540	75	2
4541	44	2
4542	67	2
4543	110	0
4544	83	2
4545	70	0
4546	262	0
4547	42	2
4548	102	2
4549	36	4
4550	118	8
4551	176	0
4552	38	2
4553	24	0
4554	93	6
4555	192	8
4556	149	4
4557	48	0
4558	170	0
4559	109	0
4560	203	6
4561	202	4
4562	106	2
4563	250	3
4564	190	2
4565	66	2
4566	92	2
4567	78	0
4568	121	2
4569	87	2
4570	84	2
4571	143	2
4572	25	0
4573	124	4
4574	254	10
4575	308	8
4576	121	2
4577	171	12
4578	55	4
4579	41	0
4580	67	4
4581	178	4
4582	31	0
4583	57	0
4584	72	2
4585	99	2
4586	86	2
4587	193	2
4588	128	6
4589	157	6
4590	154	2
4591	98	10
4592	41	2
4593	148	0
4594	122	10
4595	144	2
4596	74	0
4597	74	0
4598	70	4
4599	237	8
4600	85	0
4601	174	6
4602	104	0
4603	189	4
4604	42	2
4605	81	6
4606	114	6
4607	122	0
4608	216	10
4609	129	4
4610	251	10
4611	123	2
4612	95	6
4613	128	14
4614	135	2
4615	69	0
4616	80	2
4617	168	4
4618	169	8
4619	63	2
4620	123	12
4621	76	2
4622	327	10
4623	27	2
4624	59	2
4625	254	4
4626	186	0
4627	54	2
4628	91	4
4629	96	0
4630	149	0
4631	161	6
4632	101	2
4633	102	6
4634	152	6
4635	93	0
4636	24	4
4637	52	2
4638	71	2
4639	231	10
4640	61	4
4641	105	8
4642	238	10
4643	52	0
4644	155	2
4645	86	2
4646	96	10
4647	206	4
4648	62	2
4649	11	0
4650	215	8
4651	167	6
4652	96	6
4653	42	2
4654	20	2
4655	56	0
4656	132	2
4657	72	0
4658	64	0
4659	261	12
4660	271	10
4661	88	2
4662	187	8
4663	36	0
4664	289	6
4665	171	6
4666	194	10
4667	261	2
4668	111	2
4669	26	2
4670	126	2
4671	28	4
4672	156	2
4673	110	8
4674	166	6
4675	155	8
4676	113	8
4677	80	4
4678	102	4
4679	80	2
4680	63	6
4681	74	2
4682	177	2
4683	187	6
4684	165	4
4685	57	10
4686	89	0
4687	59	2
4688	168	6
4689	106	4
4690	55	4
4691	107	4
4692	31	2
4693	383	10
4694	186	10
4695	130	4
4696	84	6
4697	88	2
4698	89	2
4699	101	4
4700	141	2
4701	498	10
4702	111	6
4703	39	0
4704	198	6
4705	46	2
4706	83	4
4707	112	4
4708	188	4
4709	153	4
4710	49	4
4711	285	8
4712	129	2
4713	24	0
4714	48	2
4715	148	10
4716	262	14
4717	16	0
4718	93	0
4719	74	0
4720	61	2
4721	100	4
4722	173	4
4723	227	2
4724	228	10
4725	94	8
4726	90	2
4727	242	6
4728	201	8
4729	288	6
4730	74	6
4731	94	3
4732	88	2
4733	72	0
4734	22	2
4735	104	4
4736	45	2
4737	180	2
4738	102	2
4739	59	4
4740	91	8
4741	55	6
4742	41	2
4743	224	10
4744	64	2
4745	211	2
4746	106	6
4747	82	6
4748	131	2
4749	65	4
4750	114	2
4751	120	2
4752	56	0
4753	171	10
4754	173	10
4755	99	10
4756	81	2
4757	42	2
4758	272	8
4759	257	10
4760	79	6
4761	39	0
4762	42	2
4763	63	4
4764	53	0
4765	111	10
4766	143	6
4767	148	4
4768	107	2
4769	120	4
4770	103	4
4771	166	6
4772	111	6
4773	295	0
4774	29	2
4775	225	16
4776	93	6
4777	339	8
4778	70	2
4779	176	8
4780	8	4
4781	56	2
4782	65	2
4783	77	4
4784	77	2
4785	72	2
4786	65	2
4787	105	2
4788	294	2
4789	187	8
4790	80	2
4791	150	2
4792	95	0
4793	75	2
4794	52	2
4795	98	10
4796	115	4
4797	162	8
4798	143	2
4799	88	4
4800	168	12
4801	80	0
4802	47	2
4803	60	0
4804	81	2
4805	57	0
4806	284	4
4807	40	2
4808	308	10
4809	129	0
4810	205	6
4811	111	8
4812	161	4
4813	73	2
4814	113	4
4815	37	2
4816	114	4
4817	75	2
4818	80	2
4819	92	8
4820	109	4
4821	101	0
4822	446	16
4823	231	6
4824	137	6
4825	122	2
4826	108	2
4827	116	8
4828	158	4
4829	248	12
4830	98	8
4831	96	0
4832	272	10
4833	137	2
4834	87	6
4835	87	2
4836	302	6
4837	106	4
4838	68	2
4839	33	0
4840	11	2
4841	55	2
4842	177	12
4843	68	4
4844	188	2
4845	152	2
4846	96	2
4847	149	0
4848	173	8
4849	65	4
4850	124	0
4851	113	4
4852	169	8
4853	127	10
4854	87	0
4855	58	2
4856	238	10
4857	75	4
4858	89	4
4859	103	6
4860	232	2
4861	83	0
4862	55	4
4863	133	8
4864	59	0
4865	129	4
4866	103	4
4867	241	2
4868	71	6
4869	39	2
4870	64	0
4871	48	0
4872	28	2
4873	13	2
4874	77	6
4875	5	2
4876	111	2
4877	68	2
4878	60	2
4879	54	2
4880	101	8
4881	86	0
4882	80	4
4883	69	6
4884	48	0
4885	52	6
4886	21	0
4887	32	0
4888	34	0
4889	35	2
4890	59	2
4891	102	0
4892	50	4
4893	77	2
4894	90	6
4895	25	0
4896	154	8
4897	65	0
4898	189	8
4899	65	6
4900	172	2
4901	100	0
4902	76	10
4903	121	6
4904	116	0
4905	52	2
4906	59	2
4907	117	6
4908	186	8
4909	115	2
4910	88	8
4911	4	2
4912	64	4
4913	338	8
4914	168	2
4915	133	6
4916	111	2
4917	83	4
4918	77	4
4919	88	4
4920	111	4
4921	41	0
4922	120	4
4923	159	2
4924	187	4
4925	153	4
4926	260	6
4927	96	0
4928	96	8
4929	27	0
4930	155	10
4931	52	2
4932	54	4
4933	147	4
4934	124	6
4935	216	8
4936	124	2
4937	158	2
4938	167	0
4939	48	2
4940	29	0
4941	64	0
4942	115	0
4943	136	2
4944	161	10
4945	177	6
4946	134	2
4947	381	6
4948	73	6
4949	97	0
4950	35	2
4951	73	0
4952	45	6
4953	11	2
4954	38	0
4955	66	4
4956	163	6
4957	61	4
4958	45	4
4959	45	0
4960	51	6
4961	30	0
4962	49	2
4963	168	10
4964	124	2
4965	66	4
4966	94	2
4967	73	6
4968	53	0
4969	208	4
4970	104	6
4971	290	14
4972	78	4
4973	145	0
4974	126	4
4975	62	2
4976	136	10
4977	35	0
4978	45	4
4979	113	2
4980	334	6
4981	128	8
4982	89	4
4983	125	14
4984	68	4
4985	76	4
4986	89	6
4987	72	2
4988	55	4
4989	229	6
4990	375	16
4991	109	2
4992	47	4
4993	63	2
4994	214	10
4995	101	4
4996	148	2
4997	404	2
4998	93	4
4999	192	6
5000	13	0
5001	164	6
5002	56	2
5003	88	2
5004	40	4
5005	57	4
5006	125	8
5007	197	8
5008	25	4
5009	115	0
5010	42	2
5011	327	4
5012	248	4
5013	27	0
5014	98	2
5015	80	2
5016	13	2
5017	168	6
5018	107	0
5019	281	2
5020	132	4
5021	45	7
5022	154	12
5023	112	2
5024	160	6
5025	119	8
5026	33	4
5027	129	8
5028	167	2
5029	15	2
5030	90	6
5031	213	2
5032	88	6
5033	227	4
5034	56	6
5035	146	4
5036	16	0
5037	14	6
5038	135	4
5039	77	4
5040	156	2
5041	123	2
5042	166	4
5043	82	2
5044	38	4
5045	306	10
5046	29	2
5047	143	6
5048	251	2
5049	85	2
5050	342	20
5051	179	2
5052	165	12
5053	99	6
5054	68	2
5055	94	2
5056	52	6
5057	100	2
5058	204	2
5059	46	2
5060	88	2
5061	503	10
5062	75	4
5063	237	4
5064	122	6
5065	254	8
5066	97	0
5067	24	2
5068	93	0
5069	36	4
5070	58	6
5071	210	2
5072	27	0
5073	67	2
5074	159	2
5075	174	6
5076	72	4
5077	37	4
5078	201	4
5079	62	2
5080	198	2
5081	33	2
5082	46	4
5083	88	0
5084	114	2
5085	89	4
5086	38	0
5087	31	6
5088	94	8
5089	22	2
5090	333	12
5091	143	2
5092	169	2
5093	39	4
5094	37	2
5095	81	4
5096	55	4
5097	283	14
5098	112	6
5099	5	2
5100	110	0
5101	345	4
5102	51	0
5103	217	10
5104	223	10
5105	116	4
5106	230	2
5107	53	4
5108	35	6
5109	67	2
5110	168	2
5111	39	2
5112	200	4
5113	201	4
5114	102	2
5115	217	2
5116	95	2
5117	152	6
5118	71	0
5119	60	4
5120	27	2
5121	101	4
5122	28	0
5123	259	2
5124	124	4
5125	112	4
5126	231	8
5127	121	2
5128	15	0
5129	139	6
5130	322	2
5131	72	2
5132	50	0
5133	59	2
5134	150	6
5135	193	4
5136	17	2
5137	77	0
5138	69	4
5139	62	4
5140	62	2
5141	157	14
5142	214	4
5143	54	0
5144	111	6
5145	155	4
5146	192	10
5147	70	6
5148	220	10
5149	100	0
5150	417	8
5151	79	4
5152	71	4
5153	49	6
5154	24	2
5155	172	2
5156	155	2
5157	30	2
5158	156	2
5159	170	6
5160	127	2
5161	96	2
5162	129	2
5163	69	6
5164	60	2
5165	19	2
5166	245	6
5167	46	2
5168	111	6
5169	162	0
5170	101	4
5171	129	2
5172	24	2
5173	233	8
5174	15	4
5175	83	6
5176	358	14
5177	49	0
5178	41	0
5179	126	0
5180	23	0
5181	87	2
5182	68	2
5183	101	6
5184	82	8
5185	25	0
5186	89	0
5187	89	2
5188	55	2
5189	143	6
5190	35	2
5191	139	6
5192	24	2
5193	32	2
5194	46	2
5195	113	2
5196	198	0
5197	90	4
5198	76	4
5199	57	6
5200	259	2
5201	176	2
5202	30	0
5203	99	8
5204	100	4
5205	139	4
5206	154	4
5207	265	2
5208	293	6
5209	77	6
5210	46	4
5211	151	6
5212	89	4
5213	179	6
5214	200	8
5215	216	10
5216	204	8
5217	101	2
5218	14	0
5219	150	6
5220	74	2
5221	47	2
5222	15	2
5223	182	8
5224	368	4
5225	178	6
5226	57	2
5227	166	8
5228	105	2
5229	77	6
5230	60	2
5231	58	3
5232	17	2
5233	70	2
5234	78	2
5235	109	12
5236	21	4
5237	156	16
5238	176	2
5239	122	2
5240	350	16
5241	147	4
5242	35	0
5243	187	4
5244	150	4
5245	99	8
5246	189	4
5247	114	10
5248	47	4
5249	246	12
5250	103	6
5251	110	2
5252	202	2
5253	185	6
5254	208	8
5255	92	2
5256	200	8
5257	79	2
5258	236	2
5259	123	8
5260	7	2
5261	56	2
5262	98	6
5263	15	2
5264	54	4
5265	162	4
5266	44	2
5267	124	12
5268	23	2
5269	180	8
5270	116	2
5271	278	4
5272	99	2
5273	202	6
5274	168	0
5275	132	6
5276	56	4
5277	154	4
5278	309	2
5279	68	0
5280	37	0
5281	69	4
5282	90	4
5283	104	6
5284	197	2
5285	126	2
5286	51	0
5287	23	0
5288	235	8
5289	89	4
5290	93	2
5291	60	2
5292	178	2
5293	136	6
5294	58	0
5295	111	2
5296	42	2
5297	140	2
5298	58	2
5299	200	6
5300	134	4
5301	317	10
5302	99	2
5303	50	0
5304	65	2
5305	206	6
5306	119	6
5307	170	4
5308	100	4
5309	77	8
5310	41	0
5311	102	4
5312	133	6
5313	113	0
5314	142	4
5315	34	2
5316	84	2
5317	39	2
5318	128	8
5319	149	8
5320	76	4
5321	92	4
5322	34	2
5323	87	2
5324	38	4
5325	88	2
5326	78	4
5327	41	8
5328	39	0
5329	61	2
5330	51	0
5331	63	6
5332	7	2
5333	86	4
5334	205	8
5335	97	6
5336	81	2
5337	29	2
5338	11	0
5339	187	2
5340	119	12
5341	18	0
5342	227	2
5343	18	0
5344	74	0
5345	136	2
5346	270	8
5347	47	2
5348	249	18
5349	18	2
5350	93	2
5351	194	6
5352	52	2
5353	97	0
5354	40	2
5355	311	6
5356	60	0
5357	111	4
5358	80	4
5359	20	0
5360	146	0
5361	123	4
5362	73	4
5363	180	8
5364	41	2
5365	104	0
5366	243	12
5367	163	4
5368	70	4
5369	21	2
5370	174	2
5371	11	0
5372	116	4
5373	120	8
5374	219	4
5375	89	2
5376	38	4
5377	75	2
5378	34	2
5379	102	2
5380	251	14
5381	170	2
5382	152	0
5383	31	0
5384	64	2
5385	185	0
5386	52	4
5387	64	2
5388	22	0
5389	178	4
5390	113	6
5391	16	0
5392	94	0
5393	109	4
5394	145	2
5395	120	10
5396	54	2
5397	52	0
5398	301	2
5399	41	2
5400	126	6
5401	83	2
5402	123	0
5403	177	2
5404	74	0
5405	52	0
5406	237	6
5407	130	6
5408	140	4
5409	54	4
5410	133	8
5411	121	6
5412	126	2
5413	81	0
5414	366	0
5415	200	4
5416	63	2
5417	193	10
5418	161	8
5419	126	6
5420	226	4
5421	263	4
5422	66	2
5423	219	2
5424	85	0
5425	55	2
5426	192	12
5427	31	0
5428	184	2
5429	227	0
5430	74	2
5431	208	2
5432	191	20
5433	39	2
5434	287	2
5435	87	0
5436	137	2
5437	177	10
5438	70	4
5439	68	2
5440	144	8
5441	132	0
5442	53	4
5443	22	4
5444	146	2
5445	135	4
5446	30	0
5447	332	14
5448	250	14
5449	52	2
5450	14	4
5451	116	5
5452	87	4
5453	96	0
5454	118	0
5455	78	2
5456	104	2
5457	36	2
5458	37	6
5459	91	0
5460	94	2
5461	81	6
5462	359	10
5463	140	2
5464	156	4
5465	49	6
5466	169	10
5467	134	8
5468	66	2
5469	223	2
5470	158	2
5471	54	4
5472	57	0
5473	78	0
5474	72	0
5475	413	2
5476	74	2
5477	52	2
5478	86	10
5479	156	10
5480	83	0
5481	50	4
5482	124	2
5483	36	4
5484	130	4
5485	343	10
5486	334	8
5487	60	2
5488	121	2
5489	57	0
5490	62	2
5491	292	8
5492	132	8
5493	121	6
5494	43	2
5495	89	2
5496	49	2
5497	105	6
5498	96	2
5499	96	0
5500	85	6
5501	135	2
5502	234	4
5503	52	4
5504	184	4
5505	263	16
5506	83	7
5507	88	0
5508	44	2
5509	188	0
5510	87	0
5511	360	6
5512	45	2
5513	139	4
5514	42	0
5515	129	2
5516	67	2
5517	104	2
5518	60	2
5519	107	0
5520	22	0
5521	52	4
5522	79	4
5523	70	0
5524	23	4
5525	204	4
5526	95	4
5527	148	9
5528	100	2
5529	92	0
5530	193	8
5531	15	2
5532	33	2
5533	112	2
5534	195	14
5535	353	6
5536	96	2
5537	205	8
5538	51	4
5539	24	0
5540	78	2
5541	45	2
5542	145	4
5543	30	2
5544	112	8
5545	55	2
5546	128	8
5547	57	2
5548	103	0
5549	119	4
5550	104	6
5551	128	4
5552	263	5
5553	26	0
5554	130	4
5555	165	2
5556	243	0
5557	214	6
5558	70	2
5559	16	2
5560	141	4
5561	84	2
5562	17	2
5563	78	2
5564	10	2
5565	190	0
5566	99	2
5567	428	6
5568	340	10
5569	33	4
5570	107	0
5571	97	2
5572	26	4
5573	65	0
5574	67	2
5575	197	10
5576	12	2
5577	48	2
5578	91	0
5579	5	2
5580	295	6
5581	63	4
5582	24	2
5583	408	22
5584	63	2
5585	140	0
5586	61	0
5587	58	2
5588	74	4
5589	62	0
5590	21	0
5591	62	0
5592	77	0
5593	109	4
5594	170	2
5595	189	12
5596	86	0
5597	86	4
5598	64	2
5599	99	6
5600	144	2
5601	58	8
5602	124	10
5603	125	2
5604	41	2
5605	80	4
5606	82	2
5607	291	12
5608	39	2
5609	49	2
5610	192	6
5611	152	0
5612	136	2
5613	190	0
5614	98	0
5615	179	2
5616	119	9
5617	62	2
5618	139	6
5619	97	2
5620	127	2
5621	194	4
5622	40	4
5623	79	2
5624	12	4
5625	57	2
5626	177	2
5627	75	6
5628	144	6
5629	152	4
5630	165	4
5631	19	2
5632	71	2
5633	123	6
5634	108	2
5635	215	6
5636	75	2
5637	65	0
5638	138	2
5639	57	2
5640	170	10
5641	49	2
5642	59	2
5643	73	6
5644	62	4
5645	123	4
5646	55	0
5647	214	8
5648	57	4
5649	61	2
5650	78	14
5651	20	0
5652	148	2
5653	233	14
5654	44	0
5655	40	2
5656	212	8
5657	34	2
5658	26	0
5659	129	6
5660	168	8
5661	109	0
5662	96	0
5663	156	6
5664	197	8
5665	71	0
5666	163	8
5667	151	2
5668	92	0
5669	184	12
5670	177	6
5671	299	14
5672	73	8
5673	12	2
5674	51	0
5675	295	2
5676	79	8
5677	52	2
5678	113	6
5679	68	4
5680	74	4
5681	132	8
5682	36	0
5683	92	4
5684	354	6
5685	144	2
5686	144	4
5687	82	2
5688	44	2
5689	137	2
5690	108	0
5691	119	6
5692	109	8
5693	77	4
5694	80	2
5695	253	18
5696	59	4
5697	112	0
5698	113	2
5699	127	2
5700	251	12
5701	28	4
5702	115	6
5703	67	2
5704	50	2
5705	170	4
5706	35	4
5707	135	2
5708	75	0
5709	80	2
5710	172	2
5711	52	2
5712	81	4
5713	52	2
5714	99	4
5715	127	10
5716	78	4
5717	296	2
5718	22	4
5719	189	0
5720	65	4
5721	158	2
5722	53	0
5723	70	2
5724	9	2
5725	321	14
5726	141	6
5727	36	8
5728	38	4
5729	305	6
5730	69	4
5731	85	2
5732	177	2
5733	74	4
5734	49	2
5735	135	8
5736	61	4
5737	10	2
5738	26	6
5739	101	2
5740	66	6
5741	157	4
5742	192	4
5743	82	6
5744	56	4
5745	102	2
5746	13	0
5747	32	2
5748	80	8
5749	448	8
5750	165	14
5751	91	6
5752	143	0
5753	78	2
5754	170	6
5755	200	4
5756	105	4
5757	142	12
5758	138	4
5759	174	6
5760	83	0
5761	24	2
5762	74	8
5763	305	24
5764	151	2
5765	90	6
5766	21	2
5767	59	7
5768	46	4
5769	171	4
5770	51	0
5771	90	2
5772	171	0
5773	116	16
5774	23	0
5775	57	0
5776	157	4
5777	50	2
5778	103	2
5779	150	2
5780	104	6
5781	98	4
5782	48	0
5783	129	2
5784	167	0
5785	49	2
5786	85	0
5787	112	4
5788	56	2
5789	127	4
5790	71	2
5791	35	6
5792	150	1
5793	65	4
5794	125	4
5795	103	0
5796	109	4
5797	71	0
5798	180	2
5799	61	0
5800	140	0
5801	93	2
5802	46	2
5803	76	2
5804	161	2
5805	76	6
5806	108	4
5807	20	4
5808	130	10
5809	135	8
5810	68	6
5811	72	2
5812	71	2
5813	117	6
5814	34	4
5815	158	6
5816	97	4
5817	79	4
5818	228	6
5819	63	2
5820	261	12
5821	60	6
5822	58	2
5823	118	0
5824	147	2
5825	212	8
5826	35	8
5827	172	2
5828	24	0
5829	40	0
5830	194	8
5831	68	8
5832	51	4
5833	39	4
5834	122	4
5835	93	4
5836	36	2
5837	41	4
5838	164	4
5839	193	2
5840	226	4
5841	90	4
5842	75	3
5843	83	6
5844	74	6
5845	86	4
5846	122	2
5847	72	4
5848	44	2
5849	238	12
5850	193	2
5851	16	0
5852	178	2
5853	129	0
5854	53	0
5855	130	6
5856	97	2
5857	53	4
5858	41	8
5859	118	4
5860	43	4
5861	83	2
5862	120	10
5863	101	8
5864	30	2
5865	151	2
5866	66	2
5867	89	2
5868	219	2
5869	47	2
5870	119	6
5871	62	2
5872	99	2
5873	78	0
5874	134	10
5875	196	2
5876	338	12
5877	34	2
5878	63	2
5879	227	4
5880	41	0
5881	101	0
5882	198	10
5883	207	2
5884	82	8
5885	224	4
5886	97	4
5887	49	4
5888	322	8
5889	243	2
5890	173	2
5891	35	2
5892	51	2
5893	104	0
5894	101	4
5895	114	6
5896	92	12
5897	371	22
5898	49	2
5899	73	6
5900	32	2
5901	51	0
5902	119	4
5903	111	2
5904	56	2
5905	49	0
5906	45	2
5907	280	10
5908	68	4
5909	140	4
5910	145	6
5911	56	4
5912	43	6
5913	40	2
5914	65	0
5915	102	4
5916	106	10
5917	98	4
5918	57	2
5919	44	2
5920	48	3
5921	59	2
5922	65	0
5923	201	2
5924	29	0
5925	33	4
5926	59	2
5927	241	2
5928	102	4
5929	86	2
5930	238	2
5931	57	2
5932	222	8
5933	349	6
5934	108	4
5935	155	10
5936	11	0
5937	48	0
5938	97	4
5939	36	6
5940	116	10
5941	205	4
5942	175	14
5943	42	6
5944	152	14
5945	20	0
5946	146	2
5947	103	0
5948	99	10
5949	100	0
5950	110	2
5951	177	2
5952	37	4
5953	159	2
5954	39	0
5955	95	6
5956	88	2
5957	38	0
5958	186	6
5959	82	0
5960	44	4
5961	50	2
5962	61	2
5963	31	6
5964	41	4
5965	62	2
5966	94	2
5967	254	14
5968	249	16
5969	82	2
5970	266	14
5971	155	0
5972	109	4
5973	226	10
5974	118	2
5975	193	2
5976	206	0
5977	50	0
5978	29	0
5979	205	10
5980	67	2
5981	58	0
5982	55	4
5983	110	6
5984	29	0
5985	488	12
5986	181	12
5987	67	2
5988	77	2
5989	137	2
5990	232	10
5991	88	4
5992	44	4
5993	85	0
5994	297	2
5995	111	4
5996	138	10
5997	72	4
5998	285	14
5999	114	16
6000	170	0
6001	77	2
6002	13	2
6003	147	4
6004	48	4
6005	112	6
6006	71	2
6007	172	10
6008	230	2
6009	271	2
6010	53	2
6011	127	4
6012	25	2
6013	26	4
6014	81	6
6015	9	2
6016	83	8
6017	98	2
6018	34	6
6019	168	6
6020	376	10
6021	145	0
6022	100	2
6023	91	2
6024	93	14
6025	56	2
6026	117	4
6027	61	2
6028	27	0
6029	65	2
6030	80	2
6031	64	0
6032	84	2
6033	33	2
6034	24	2
6035	90	4
6036	54	0
6037	45	2
6038	30	2
6039	263	8
6040	40	4
6041	17	0
6042	77	2
6043	137	4
6044	107	0
6045	25	4
6046	335	10
6047	87	2
6048	130	2
6049	97	2
6050	226	4
6051	51	2
6052	49	2
6053	69	0
6054	163	8
6055	190	0
6056	243	2
6057	41	2
6058	135	2
6059	37	0
6060	237	4
6061	53	4
6062	67	0
6063	135	12
6064	21	2
6065	69	4
6066	94	2
6067	70	0
6068	156	4
6069	26	4
6070	21	2
6071	46	2
6072	55	4
6073	225	4
6074	41	6
6075	123	4
6076	19	6
6077	194	4
6078	108	2
6079	27	4
6080	54	4
6081	32	0
6082	70	2
6083	73	2
6084	202	4
6085	278	6
6086	322	10
6087	52	0
6088	95	2
6089	192	2
6090	93	0
6091	72	8
6092	83	4
6093	98	2
6094	69	2
6095	247	4
6096	92	2
6097	98	4
6098	87	4
6099	106	2
6100	100	2
6101	386	6
6102	70	0
6103	86	0
6104	262	8
6105	287	8
6106	91	2
6107	73	2
6108	63	2
6109	45	0
6110	46	0
6111	38	4
6112	140	6
6113	207	2
6114	70	2
6115	51	2
6116	187	4
6117	93	7
6118	48	6
6119	63	0
6120	68	0
6121	68	4
6122	24	2
6123	199	4
6124	113	2
6125	7	4
6126	75	0
6127	74	2
6128	101	2
6129	149	4
6130	18	2
6131	130	2
6132	151	4
6133	148	2
6134	191	8
6135	179	2
6136	103	4
6137	82	4
6138	68	0
6139	28	2
6140	78	2
6141	72	4
6142	81	2
6143	74	2
6144	44	4
6145	29	2
6146	141	8
6147	229	2
6148	30	4
6149	128	4
6150	292	10
6151	101	2
6152	96	12
6153	85	0
6154	89	2
6155	77	4
6156	21	2
6157	18	2
6158	32	0
6159	86	2
6160	62	4
6161	121	2
6162	104	4
6163	17	0
6164	56	2
6165	236	6
6166	15	4
6167	278	8
6168	32	2
6169	178	0
6170	33	2
6171	200	0
6172	143	2
6173	225	6
6174	109	6
6175	104	2
6176	59	6
6177	180	2
6178	118	4
6179	127	0
6180	13	2
6181	127	4
6182	63	4
6183	94	4
6184	120	2
6185	56	2
6186	79	2
6187	94	4
6188	184	10
6189	275	4
6190	129	2
6191	318	12
6192	89	2
6193	35	4
6194	70	2
6195	273	10
6196	91	4
6197	22	2
6198	111	8
6199	101	2
6200	154	2
6201	233	2
6202	34	0
6203	84	2
6204	115	2
6205	148	4
6206	233	16
6207	206	6
6208	123	4
6209	225	14
6210	152	4
6211	78	2
6212	210	8
6213	159	4
6214	101	2
6215	84	4
6216	71	0
6217	195	0
6218	214	4
6219	81	0
6220	74	2
6221	166	4
6222	257	10
6223	58	0
6224	43	4
6225	70	2
6226	134	0
6227	123	2
6228	54	14
6229	145	4
6230	184	2
6231	111	4
6232	88	2
6233	140	2
6234	94	6
6235	156	2
6236	106	2
6237	175	0
6238	435	4
6239	74	2
6240	243	4
6241	150	6
6242	101	6
6243	25	4
6244	180	6
6245	36	2
6246	148	4
6247	162	4
6248	123	4
6249	16	4
6250	47	2
6251	66	0
6252	125	2
6253	179	2
6254	65	6
6255	59	0
6256	61	0
6257	43	2
6258	205	0
6259	36	2
6260	48	0
6261	295	4
6262	112	12
6263	89	8
6264	96	6
6265	167	0
6266	222	10
6267	95	6
6268	106	0
6269	36	2
6270	20	2
6271	284	12
6272	173	10
6273	37	2
6274	85	0
6275	83	8
6276	66	6
6277	77	0
6278	104	8
6279	33	2
6280	366	6
6281	15	2
6282	94	2
6283	267	2
6284	50	4
6285	117	6
6286	117	6
6287	45	5
6288	88	0
6289	34	6
6290	159	3
6291	170	6
6292	24	4
6293	190	6
6294	281	4
6295	65	2
6296	100	2
6297	125	4
6298	218	10
6299	83	0
6300	119	0
6301	58	0
6302	37	0
6303	79	4
6304	32	2
6305	67	0
6306	56	2
6307	41	0
6308	101	4
6309	101	6
6310	100	6
6311	105	4
6312	127	4
6313	34	4
6314	60	2
6315	113	0
6316	199	4
6317	92	2
6318	104	2
6319	22	6
6320	29	4
6321	45	2
6322	144	2
6323	41	4
6324	250	2
6325	61	0
6326	141	14
6327	31	4
6328	114	2
6329	130	2
6330	46	2
6331	138	8
6332	78	0
6333	109	14
6334	158	3
6335	105	0
6336	92	8
6337	98	4
6338	191	16
6339	137	2
6340	168	2
6341	32	4
6342	232	14
6343	165	10
6344	99	6
6345	99	6
6346	33	6
6347	84	2
6348	224	6
6349	143	4
6350	78	6
6351	107	6
6352	141	4
6353	136	2
6354	59	0
6355	10	2
6356	6	2
6357	155	12
6358	111	2
6359	357	18
6360	95	8
6361	109	0
6362	111	4
6363	131	4
6364	146	4
6365	55	0
6366	146	8
6367	91	0
6368	94	4
6369	69	4
6370	71	0
6371	51	4
6372	159	4
6373	71	2
6374	14	2
6375	233	4
6376	319	12
6377	30	2
6378	275	8
6379	38	6
6380	57	4
6381	60	2
6382	283	4
6383	120	2
6384	84	0
6385	49	0
6386	148	2
6387	166	8
6388	150	4
6389	79	4
6390	50	0
6391	52	2
6392	369	2
6393	92	4
6394	72	2
6395	237	6
6396	14	2
6397	24	2
6398	230	10
6399	63	2
6400	42	2
6401	88	4
6402	79	8
6403	139	2
6404	229	4
6405	21	2
6406	212	6
6407	133	6
6408	168	8
6409	16	0
6410	476	12
6411	82	10
6412	66	2
6413	202	8
6414	45	2
6415	111	2
6416	221	6
6417	23	2
6418	68	2
6419	234	8
6420	35	2
6421	34	0
6422	73	2
6423	218	14
6424	63	4
6425	80	4
6426	202	12
6427	46	4
6428	65	0
6429	79	2
6430	52	2
6431	151	4
6432	128	4
6433	255	18
6434	30	1
6435	71	2
6436	87	4
6437	80	4
6438	49	4
6439	92	6
6440	82	2
6441	100	4
6442	233	16
6443	185	2
6444	70	2
6445	141	4
6446	43	2
6447	127	2
6448	138	2
6449	62	6
6450	73	4
6451	53	2
6452	239	10
6453	190	2
6454	81	0
6455	67	0
6456	48	2
6457	49	2
6458	84	6
6459	21	0
6460	38	4
6461	67	4
6462	126	6
6463	46	4
6464	61	4
6465	130	8
6466	6	2
6467	190	2
6468	140	8
6469	184	4
6470	180	8
6471	134	4
6472	49	2
6473	74	4
6474	184	10
6475	231	0
6476	78	2
6477	104	0
6478	66	0
6479	182	2
6480	143	4
6481	224	6
6482	74	4
6483	59	0
6484	44	6
6485	55	4
6486	289	2
6487	32	4
6488	258	18
6489	89	6
6490	115	2
6491	71	4
6492	249	2
6493	146	2
6494	44	2
6495	58	2
6496	76	2
6497	143	0
6498	69	2
6499	53	4
6500	140	2
6501	25	0
6502	96	0
6503	99	4
6504	89	8
6505	41	0
6506	157	4
6507	103	2
6508	159	8
6509	195	10
6510	80	2
6511	134	2
6512	68	2
6513	29	0
6514	55	4
6515	41	2
6516	74	2
6517	171	6
6518	89	2
6519	33	0
6520	142	4
6521	44	2
6522	87	6
6523	20	2
6524	130	2
6525	193	8
6526	54	2
6527	248	8
6528	103	6
6529	169	2
6530	67	0
6531	49	2
6532	126	2
6533	224	10
6534	316	16
6535	296	4
6536	74	10
6537	141	4
6538	69	2
6539	99	6
6540	254	8
6541	119	8
6542	56	4
6543	70	0
6544	167	2
6545	52	0
6546	109	2
6547	64	4
6548	67	2
6549	144	4
6550	63	0
6551	36	2
6552	170	2
6553	115	8
6554	40	0
6555	114	4
6556	127	4
6557	72	2
6558	85	2
6559	92	4
6560	142	2
6561	191	4
6562	106	2
6563	88	0
6564	111	2
6565	220	12
6566	50	12
6567	27	0
6568	100	4
6569	16	2
6570	103	3
6571	53	2
6572	186	4
6573	51	12
6574	65	2
6575	112	2
6576	137	2
6577	112	2
6578	172	4
6579	81	0
6580	86	2
6581	38	0
6582	53	2
6583	76	0
6584	87	4
6585	225	0
6586	184	10
6587	23	4
6588	163	6
6589	242	10
6590	136	4
6591	110	4
6592	49	2
6593	48	2
6594	117	2
6595	91	4
6596	110	2
6597	167	8
6598	32	0
6599	94	4
6600	188	4
6601	91	2
6602	115	8
6603	42	4
6604	258	2
6605	168	0
6606	65	2
6607	165	8
6608	9	2
6609	110	4
6610	41	2
6611	110	2
6612	39	6
6613	141	2
6614	65	2
6615	60	0
6616	238	0
6617	71	4
6618	111	4
6619	42	2
6620	181	2
6621	118	14
6622	131	2
6623	24	2
6624	156	2
6625	199	4
6626	310	10
6627	23	2
6628	82	2
6629	146	2
6630	91	0
6631	56	0
6632	65	2
6633	35	2
6634	33	0
6635	148	6
6636	34	6
6637	267	12
6638	117	2
6639	72	2
6640	105	8
6641	40	4
6642	92	2
6643	30	8
6644	115	2
6645	53	0
6646	78	0
6647	61	6
6648	188	12
6649	92	6
6650	45	2
6651	7	2
6652	166	4
6653	12	2
6654	80	2
6655	26	4
6656	47	7
6657	90	0
6658	193	14
6659	111	4
6660	177	2
6661	118	2
6662	126	8
6663	82	2
6664	38	6
6665	169	8
6666	348	12
6667	214	2
6668	35	2
6669	17	2
6670	354	4
6671	259	0
6672	26	2
6673	110	6
6674	95	2
6675	107	2
6676	53	0
6677	126	4
6678	39	0
6679	62	8
6680	15	0
6681	108	6
6682	88	8
6683	185	2
6684	166	4
6685	164	2
6686	106	0
6687	111	4
6688	68	2
6689	72	0
6690	123	2
6691	112	6
6692	167	10
6693	172	2
6694	167	4
6695	42	2
6696	112	0
6697	97	4
6698	195	4
6699	101	0
6700	95	4
6701	26	2
6702	67	4
6703	107	4
6704	224	0
6705	200	10
6706	70	2
6707	54	2
6708	19	0
6709	47	8
6710	259	2
6711	50	2
6712	33	2
6713	219	6
6714	24	0
6715	90	2
6716	127	2
6717	62	2
6718	9	4
6719	43	4
6720	181	0
6721	270	8
6722	45	10
6723	155	2
6724	230	0
6725	177	4
6726	58	4
6727	94	4
6728	193	4
6729	35	2
6730	175	6
6731	94	2
6732	240	4
6733	44	2
6734	236	2
6735	31	4
6736	71	0
6737	154	6
6738	273	6
6739	57	0
6740	159	8
6741	122	10
6742	138	6
6743	195	6
6744	244	10
6745	28	0
6746	43	2
6747	80	0
6748	72	2
6749	63	0
6750	137	2
6751	88	10
6752	216	0
6753	34	2
6754	29	2
6755	44	6
6756	65	4
6757	51	2
6758	97	2
6759	91	2
6760	113	0
6761	255	14
6762	37	12
6763	241	8
6764	89	2
6765	234	2
6766	76	10
6767	101	6
6768	103	2
6769	126	4
6770	108	2
6771	50	2
6772	228	12
6773	290	8
6774	190	16
6775	115	4
6776	22	2
6777	64	6
6778	129	6
6779	42	4
6780	146	0
6781	95	0
6782	37	2
6783	227	10
6784	111	4
6785	89	2
6786	171	4
6787	42	10
6788	18	0
6789	143	2
6790	81	2
6791	40	2
6792	166	4
6793	100	4
6794	34	6
6795	34	4
6796	36	2
6797	87	4
6798	106	2
6799	110	12
6800	164	8
6801	37	4
6802	107	4
6803	44	2
6804	116	6
6805	76	0
6806	41	4
6807	114	0
6808	41	0
6809	95	8
6810	204	2
6811	184	6
6812	121	6
6813	196	0
6814	282	2
6815	78	16
6816	231	8
6817	74	2
6818	48	8
6819	31	0
6820	221	6
6821	78	0
6822	48	2
6823	45	0
6824	83	4
6825	182	2
6826	35	0
6827	101	6
6828	60	2
6829	124	2
6830	247	6
6831	127	2
6832	88	2
6833	290	12
6834	84	2
6835	138	6
6836	146	0
6837	337	10
6838	56	0
6839	30	2
6840	137	4
6841	46	6
6842	136	2
6843	269	20
6844	167	2
6845	122	6
6846	144	2
6847	33	2
6848	125	4
6849	109	2
6850	112	2
6851	70	4
6852	165	10
6853	134	6
6854	105	2
6855	88	8
6856	49	0
6857	146	4
6858	73	4
6859	55	4
6860	353	2
6861	50	2
6862	79	2
6863	189	4
6864	218	4
6865	87	4
6866	110	6
6867	110	4
6868	19	2
6869	76	4
6870	119	0
6871	61	4
6872	120	4
6873	36	2
6874	149	4
6875	35	2
6876	39	0
6877	64	2
6878	299	8
6879	73	6
6880	98	4
6881	185	10
6882	278	10
6883	212	8
6884	85	6
6885	111	4
6886	98	2
6887	154	10
6888	18	2
6889	282	7
6890	164	2
6891	57	2
6892	35	2
6893	192	2
6894	24	2
6895	25	2
6896	57	2
6897	49	4
6898	88	4
6899	260	8
6900	111	0
6901	30	4
6902	232	4
6903	77	2
6904	166	6
6905	31	4
6906	154	6
6907	37	4
6908	53	2
6909	11	0
6910	32	2
6911	73	12
6912	61	4
6913	13	2
6914	50	2
6915	124	6
6916	133	8
6917	224	10
6918	107	4
6919	38	6
6920	89	2
6921	11	2
6922	120	9
6923	279	6
6924	41	2
6925	85	2
6926	15	0
6927	158	8
6928	42	2
6929	149	4
6930	96	2
6931	117	2
6932	66	2
6933	141	6
6934	117	4
6935	66	4
6936	45	0
6937	40	2
6938	49	0
6939	93	0
6940	60	4
6941	108	0
6942	52	2
6943	116	6
6944	138	8
6945	50	2
6946	122	0
6947	199	6
6948	134	10
6949	89	2
6950	54	2
6951	131	6
6952	233	8
6953	23	2
6954	67	2
6955	65	2
6956	75	6
6957	58	2
6958	141	0
6959	121	2
6960	49	2
6961	44	2
6962	164	4
6963	217	6
6964	371	16
6965	84	0
6966	60	0
6967	116	2
6968	265	10
6969	180	4
6970	155	4
6971	136	8
6972	58	2
6973	87	2
6974	75	2
6975	64	2
6976	69	0
6977	114	0
6978	159	2
6979	54	0
6980	77	6
6981	34	2
6982	106	6
6983	90	10
6984	89	8
6985	37	4
6986	64	5
6987	61	2
6988	22	4
6989	42	6
6990	100	6
6991	35	0
6992	44	6
6993	113	10
6994	21	2
6995	59	6
6996	31	2
6997	68	8
6998	62	0
6999	36	4
7000	64	4
